5991 3498
5994 5180 457 2387 3478 5809 2688 1055 5697 3452 2744 5176 5624 2686 5177 3666 2667 3498 1166 5783 4310 854 5189 5992 2001 3642 4036 4483 5531 996 4967 3522 3728 3449 1210 5993 3787 971 2410 4988 5263 5487
5998 6243 4967 6934 2565 6619 2677 5697 6620 3381 5188 3393 6484 5814 6552 5524 5179 5932 5692 5439 7092 6305 5173 5529 6914 1098 6649 5543 7052 5822 1166 6097 4192 457 5802 4045 766 4065 6618 6486 5800 5776 5550 4310 6327 6518 53 3447 5582 6913
6000 5173 4524 6618 7086 6458 7239 6907 5423 6714 2940 7485 5773 1166 6934 7487 5800 6272 6243 2565 6510 7231 6479 5531 3381 6993 6945 6916 7092 7486 7057 1835 6784
6001 6327 6359 1896 5811 766 3032 5531 6884 5439 3315 5697 4967 5179 6885 4828 1814 4310 6615 5022 6886 2369 5812 5188 6618 5796 4221 5185 6736 398 6747 6867 5824 5800 457 737 5543 6421 6809 5524 6883 5807 3642 109 6270
6004 5185 6782 5818 6479 457 2940 6779 5824 2693 4065 5289 6522 6313 5696 6346 5233 2908 5038 6719 6783 6072 3457 166 1098 838 6555 72 5772 5524 5532 4899 6615 6501 6784 1210 5582 5819 6781 1133 2565 1374 3642 6126 1762 5950 5189 5531 2276 4828 6726 6525 5197 2508 5666 6305 6458 6780 6767 5188 2375
6006 5806 2667 5189 5816 1164 2655 1151 6220 4045 6146 3449 6023 109 178 5172 4767 766 6446 2186 6305 1972 2851 5582 6447 667 5697 5028 4187 457 5612 5531 87 1748 6032 5940 6445 1063 5103 4632 3452 6299 4967 3478 850 6443 6270 4813 173 2145 6444 319 4441 5079 6320 3642 4673 1166 5553 5022 4960 5822 5524 4764 4175 4712 5821 36 6126 3453 4824 136 5998 5810 6442 2504 6394 6334 2605 6182 5799 6347 3965 6156 5802 2744 5439 1470 4343 4144 2774 4099 5804 6097 5796 2595 5423 2376 6218 4542 5177 4310 3348 5185 6223 4899 3614 6327
6009 6009
6021 2744 6020
6023 6263 5591 5028 5788 5022 5177 5404 5812 5189 5179 5427 2621
6029 4899 3643 2667 4557 5179 2256 5600 4967 3449 5658 2001 1009 6039 4550 1010 6038 5543 2576 3642 5437 5176 1133 4045 5246 3459 2264 5399 306 4894 2384 1542 5834 3404 2688 5102 766
6032 1098 7691 3586 7005 7792 4795 7052 4347 6274 6993 6218 7241 766 6875 4788 7769 7057 2658 5802 457 6895 7280 2485 2565 6946 1151 5800 7092 7727 5524 737 2299 6305 6624 5814 4221 5796 6772 7047 4441 1374 7294 5655 6596 3297 4310 7614 4792 3691 7131 580 7733 6494 3402 1286 7544 7391 6518 7400 5103 6460 7225
6041 5531
6043 7047 7012 3084 5524 4994 7057 766 2485 4764 7005 7812 7443 6993 7092 1374 3310 5800 7598 5053 4632 4310 7511 3274 5342 5822 339 109 6272 580 4441 173 7280 2565 1098 6976 5915 7755 7231 7132 4409 6624 3965 6907 2560 6218 4040 1151 5802 2658 3586
6044 6795 7086 1799 6046 7865 2576 6502 5096 457 4310 5015 7378 7829 5524 6907 5822 5378 5189 3586 766 58 5550 8010 7280 6624 6274 5276 2003 7910 988 7564 3571 8011 3965 3447 8013 6305 2369 4948 166 5485 5920 5233 2658 5624 5529 7092 2565 3027 4828 7649 7929 7774 5999 6924 6072 7901 3393 4792 7047 8012 1374 5484 36 3787 4574 4036 7057 8009
6047 6272 6607
6059 6057 6059 6056 6058
