1723 2472 1137 2768 2852 766 1062 2557 1808 24 2485 1285 432 2116 47 2133 2473 1549 1151 1967 634 2830 2256 2704 1707 2565 1991 2792 1741 2297 2847 841 2542 2848 2851 1922 937 319 1585 899 2849 2850 2608 1772 836 1608 122 1305 844 935 1284 826 1378 2328 2130 2416 1701 996 407 1691 2474 1200 2845 1395 400 813 1688 280 2822 2435 2846 1966 310 266 1705 2072
1726 1721 312 215 1284 1594 171 935 1688 1492 1471 1549 11 317 1720 813 1723 1610 707 47 310 1719 1496 1538 1279 1428 1725 60 771 1619 1306 1201 163 1050 1378 842 1724 21 1357 371 266 269 1350 769 1285 1585 993 1352 948 457 1722 1483 853 1615 173 1335 290 844 1487 36 138
1729 2967 66 3479 4366 784 2713 1537 2719 11 3199 3192 1550 2237 3658 457 3615 3630 3635 1621 3454 4001 3969 556 3917 1253 3451 24 3724 3402 2326 1549 798 2135 4211 1132 2747 4074 1133 2323 2559 4065 2651 2264 1754 2658 2765 2565 335 311 996 3659 3456 3661 3457 4142 3144 1319 3666 1395 2485 2028 4315 122 147 3394 667 3352 665 3026
1730 982 1772 986 1549 1098 872 20 2096 147 128 1374 1732 1473 425 1615 1757 1997 1210 1167 1395 2072 813 1875 993 2050 173 1751 11 1838 1608 1151 2063
1732 1594 695 1151 904 1350 1538 1608 826 838 306 11 1730 1356 1487 1279 215 173 804
1733 1549 3796 3009 5761 4536 3624 4550 4045 1151 4070 5176 3449 4899 3614 3015 4276 2258 4967 5691 2972 5184 5462 457 3642 178 1374 2688 5180 766 1133 2707 4824 5188 3453 5179 4355 5675 722 580
1734 2593 3059 2476 1972 3033 1614 275 2145 1985 836 2618 2815 1820 1701 2912 1137 2565 2236 710 1319 826 988 1000 311 2653 1127 2237 3010 2948 457 2646 1967 2904 290 2474 1395 1305 2398 907 1621 1098 1814 1236 766 996 1991 1166 1492 172 813 1751 1495 2297 2688 546 1428 1215 2967 3020 2964 986 650 3109 24 2923 722 1549 3111 2257 646 2660 2356 2549 3062 1357 1608 1062 3110 1496 2674 1537 3095 2114 1919 1538 1922 1552 2472 2546 764 1808 3031 2371 2702 2559 1566 1037 2987 2473 1043
1744 3704 3010 2752 3470 3180 2497 404 1746 3610 3304 3056 804 2290 1042 2699 3291 53 3702 3705 2688 3142 3611 3458 3707 3479 3624 2326 2565 3706 988 403 2658 2693 127 2654 2379 1521 3703 879 2252 1717 3682 3622 2559 1549 2747 3333 3032 2237 3435 2790 3000 1210 749 3402
1746 1608 171 904 404 838 310 1428 1151 1538 432 1374 1615 1743 1742 1594 173 1521 1352 804 11 403 1744 870 813 215 1549 1745 1487
1747 1492 1006 1748 173 1521 1615 215 1610 1716 1151 1166 11 904 1428 1357 423 1594 1473 1538 1549 1608 1487 1352 838
1749 1868 1565 310 2072 996 826 1210 1985 2062 1919 1166 1756 1151 2242 83 1608 1783 993 1823 1997 11 1549 2210 1621
1752 1352 1487 838 1133 1717 407 1615 1135 1151 904 1202 1594 173 1114 784 457 1420 1608 6 1185 311 1055 1538 11 944 1582 1471 971
1754 2371 826 2968 290 310 825 2690 764 2357 1236 1062 1621 1098 2704 3018 813 2688 2851 161 3026 2565 2987 147 3031 2297 1608 1151 2790 2236 2560 1305 1537 3081 766 1167 1200 1137 3072 836 988 1583 3020 2909 1837 2660 1991 2948 2474 2559 710 2900 1000 2472 1473 2593 2476 2967 3055 1585 1127 1221 2651 3010 937 1496 3075 3089 1729 2411 1522 1661 722 1210 3062 1319 2904 3095 1820 663 1985 2229 2062 1247 2674 2114 1215 1166 2619 3098 2727 182 1428 1549 2914 1967 311 2485 457 941 2237 2842 2473 1492 172 2365 2541 180 1701 1972 24 1769 1922 646 2549 1783 3024 1734 2912 1395 1380 1814 3059
1757 1151 1583 904 1350 1838 172 1352 324 310 2062 704 11 1997 2072 1919
1758 1483 1757 1631 1319 1753 1522 109 20 1210 1135 457 1055 1127 971 1350 1755 6 1241 1185 1357 1594 784 986 643 1050 1151 1553 1480 311 1754 173 215 993 810 46 1756 1471 11 1202 1037 1352 407 1608
1768 826 1471 1151 1549 1319 1615 171 457 1538 1766 1055 1555 215 904 1279 1767 1521 6 1350 922 11 941 1483 870 993
1769 4972 4547 663 4973 4682 2651 1151 4219 2972 766 4044 3449 2504 2118 11 4046 1691 3803 3456 3615 2488 2186 988 2871 784 311 4970 432 3796 825 2967 3660 3614 2859 4898 3092 4072 4971 3455 2237 4036 36 3454 3641 4441 2912 2565 2697 3452 4151 4974 4065 3453 2688 3352 2326 2658 2485 4725 2102 24 4963 4688 4969 2557 4662 4045 1305 3794 3965
1772 766 1374 1997 1133 2169 1496 313 1166 2133 1521 1124 1151 1564 764 2118 1700 2171 1585 1278 2072 1622 1732 1489 2065 546 1428 826 1386 993 457 1980 2170 1596 173 1137 706 1319 1281 1407 24 2141 2120 1730 1767 29 1549 2093 1838 922 1380 2062 1062 1335 1986 311 1608 2173 1808 11 1125 2156 1210 1492 1615 1211 1977 1098 1480 2172 1719
1774 1599 904 317 766 1129 290 1230 310 311 1319 1167 1772 707 1377 1496 1549 1380 1615 1386 1614 1279 789 710 1470 1767 1582 971 712 1374 334 1055 1555 826 1483 1538 634 1278 941 993 1594 1499 173 457 922 1006 1151 1492 11 215 1350 6 1221 1352 1762 1135 20 1357 1442 1428
1777 2976 2102 425 1549 346 3633 3258 3168 3032 3646 766 3786 2565 2326 3678 2290 2379 3527 2651 3639 3313 1775 2686 1382 3175 2713 3660 988 2613 1210
1780 1381 1496 1420 1555 1614 1352 1742 128 1525 1756 872 1442 1279 1356 971 1480 1759 1767 1521 11 1772 1522 1778
1781 1166 1098 1428 3047 2114 1151 3095 2472 2688 59 960 2948 2371 826 1922 3154 646 2565 988 1000 1137 2236 1782 1135 937 3033 1608 24 2237 1972 3020 3153 2871 2507 2473 2654 1549 1052 3098 2120 3062 766 1305 1814 1395 2619 3072 2660 2474 1769 2576 1200
1783 1496 1492 1757 1621 1350 1789 1542 1639 173 904 1997 1353 1473 1236 2062 1594 1564 1868 2068 1083 1377 1006 42 1125 457 215 1749 2001 1210 1549 1808 2120 1542 1756 1352 1098 36 2236 996 805 215 1919 1151 11 1037 1166 11 2235 1772
1787 922 1919 204 769 1006 1689 20 1428 1114 311 922 1585 1756 1380 1549 1583 1211 173 1848 1521 6 128 2209 1800 1210 2210 2072 128 1997 1614 704 1644 11 1962 1847 47 1352 1700 1114 993 1986
1788 1553 173 1552 1608 1525 1480 1151 1758 1350 1615 1501 1622 1006 1594 1428 457 290 1746 1756 1374 1757 1253 993 904 11 6 215
1791 1522 1480 1525 1790 1151 1608 1483 1133 215 904 1594 1757 11 1615 1386 1756 457 1352 1428 1772 1166 1766 1496 173 1350 1267 1778 1521
1792 3032 2473 2654 1357 784 1424 3020 2474 2693 172 2093 2655 2565 988 2298 2272 826 2118 1592 2547 996 1608 2085 1305 1200 3125 1820 2236 1135 2485 3062 1210 1395 2510 2230 2688 1972 122 2566 1835 3006 275 2686 2135 3072 3144 2365 2371 3047 2297 1991 68 1549 1374 3026
1793 1473 1525 1569 918 1006 1202 1428 1319 1549 1350
1798 1796 1549 1395 1795 237 1193 904 173 1615 1335 1428 1006 1797 1525 1542 1496 6 679 1565 1350 1465 1772 11 1211 1480 215 1756 1608 1483
1799 2667 1374 4632 1470 3449 3404 4712 2696 5428 2410 2688 4353 5203 1166 2504 3459 2972 2565 5119 5184 4151 3498 4829 3453 1733 3969 5176 3452 4550 5171 3835 3691 4824 1542 178 5118 4077 5079 3614 2775 5189 4967 5457 2689 3447 3032 2883 3010 1549 1972 3787 3026 2564 319 4718 3601 5190 3457 3352 5296 1133 5468 2369 3456 1063 789 3634 1128 3181 2592 457 4653 2981 5020 766 2691 4899 3666 4948 4310
1802 1538 559 1350 457 1767 1758 1075 266 215 1614 173 1050 11 1594 1615 993 1483 971 1319 1683 1029 1428 1555 1549 1667 836 1525 918 1480 1352 432 1756 1608 376
