7143 4764 6848 5998 2258 6913 4662 24 2387 6615 7142 6906 7052 6986 766 5582 5543 6620 1151 3586 6327 5531 3381 5524 5188 4310 1733 4045 4632 5773 3607 5827 6360 2565 6486 7100 4967 5721 5002 5692 5059 3593 6976 6886 5802
7144 7100 4045 7092 5721 5179 4712 6907 4967 24 7145 3381 6327 7146 2565 3586 5800 7142 5697 4524 5773 6360 5254 4200 7052 6619 6620 6097 2387 580 1151 6408 6615 6305 5188 766 6906 6618 6563 5529 1896 5002 3447 3593 5802 5582 4310
7146 6555 5173
7149 5531
7162 5524 5800
7168 3092 3456 7166 1166 5714 1359 109 5102 5802 6913 6552 2297 2153 4310 4536 3607 7165 1549 5188 6000 4297 3586 4712 6615 6218 5816 3642 5822 6443 6620 5524 2909 4046 2369 1796 1847 766 5772 4967 3813
7185 5524 6772 6913 6906 5697 5773 5800 6620 3642 6766
7186 5524 5002 6620 6906
7201 5102 5800 6620
7214 6615 6327 7092 7212 5529 4045 5189 7099 7138 3381 3969 6619 7104 3770 6714 6360 6097 6913 5802 4964 6994 6907 7210 6906 7139 5524 5800 1374 7211 2369 6486 6620 6869 3456 6934 5616 6560 4967 6976 6359 6443 766 4310 742 5655 6320 4712 2565 3527 6918 5582 6555 5697 6665 6563
