6320 4948 5079 2576 7057 1374 7701 2565 7666 7080 7056 6618 5446 5524 7614 7047 4046 7045 3787 6596
6323 6608 6783 1098 457 3642 6526 6592 6486 5697 5173 6327
6327 6552 6615 7100 7158 2240 5582 2565 5697 6305 6360 103 6518 5022 5524 5773 5529 6560 7092 5800 7155 4045 825 5802 6941 5173 5179 6316 6906 5002 3614 3447 7038 5171 7154 6618 1796 6772 5807 6864 7153 4967 2677 4455 457 6006 5998 2485 3586 6217 6488 6001 2328 4899 5814 1098 5439 6416 6323 5524 6620 6880 3642 1896 6611 5189 2667 6563 6270 6359 5692 6486 766 5188 6323 6883 5531 6913 6619 7159 7157 1982 7156 6032 7030
6328 5810 5079 2172 1811 4899 4632 5543 109 4310 1915 2258 2667 6366 6339 4795 4441 5582 3642 5684 3498 1151 2564 3521 6270 5812 5714 6032 3456 3449 1470 3587 5809 6298 4967 457 580 5332 265 5188 2369 5089 5185 4353 1542 3787 5179 4712 5423 1055 5739 5524 5697 4673 3381
6330 3348 5543 6229 3642 5189 6299 2560 5529 5812 6316 4347 633 6458 6615 166 5102 1098 5921 5540 6829 1374 3764 6523 6612 2145 2258 6334 6 6974 3665 5811 2790 6954 2677 6913 2855 5022 4550 4967 5179 109 5932 5802 136 6790 6984 2972 5773 6900 2226 6305 600 3447 6619 5697 5188 5531 6489 5800 4712 4828 2565 5524 5166 5439 6916
6334 4673 1210 3381 5179 2688 5028 457 1098 1800 5582 5697 5658 4712 3032 6330 6068 6299 4441 1004 3662 3642 6312 6331 1133 5189 4489 5423 4748 6332 4425 5022 5591 1603 6006 6333 5802 2667
6337 6360 5423 3956 1733 2667 5612 5524 3792 4310 4045 1210 87 5697 5050 2686 4441 5543 5079 2240 3812 3642 6248 1151 2688 4574 4967 2564 5714 3449 2297 2135 6146 5818 6299 6024 5189 2547 2256 3786 5965 4041 5110 5179 3751 5053 766 3032 3456 3458 1717 5123 5798 5817 457 825 4712 5022 3982 1470 3634 4795 4673 2851 5810 4828 425
6344 3586
6347 3032 5269 6359 6615 749 3381 766 1762 6736 5796 4828 5800 1055 3010 1733 3787 2774 3728 457 1374 3642 6766 4055 5775 3453 2474 3059 6819 5079 5822 6818 5818 5697 319 3792 1401 3794 2485 2506 6377 3641 6305 5531 5524 2693 6032 5582 2565 6726 5022 1381 2328 6510 2985
6388 5079 5022 3787 6387 3032 5452 6615 371 2565 5531 2620 457 6305 6510 5811 2790 5110 5796 1982 5524 5022 6846 6377 6217 5800 1356 6815 6360 5773 4829 6852 865 737 5591 1075
