7381 4310 2674 1098 5068 6714 87 4899 6934 434 4046 6323 3334 5806 5822 5423 6280 2565 2658 6241 7379 5053 1542 3447 5811 5301 7378 7380 6907 6270 6702 5524 5796 6906 6624 3381 7350 5454 5802 2981 6619 1701 4717 4483 4036 7362 457 6548 766 7052 2619 6615 6486 3586 4632 6123 103 6618 7335 4994 6560
7386 5524 6774 7021 7614 7378 7755 5485 7280 7231 1374 7675 6596 6560 6460 1621 2565 7188 6907 7814
7389 2565 7733 4948 7086 7233 8211 6596 5998 6924 7772 7321 8047 7092 8263 8262 2369 2940 7047 8045 5173 7053 8046 5800 4788 3142 6618 6907 457
7391 7052 6486 5103 6907 8173 4948 7357 7900 8053 4632 988 2658 6946 5551 3787 3631 8036 7086 3142 5776 7648 5524 8085 7901 2983 7774 6596 1374 7902 7679 7727 8187 7047 7685 2565 4795 5768 7588 8162 7904 3310 1098 5738
7393 5697 5524 7393 3456
7397 7666
7400 6902 1010 6486 6934 6241 6494 2560 7150 4310 1374 3586 6624 6941 457 7229 3456 5802 7092 7099 1009 6918 6032 4046 2328 3457 7294 155 2658 7052 2565 5800 7262 4948 580 766 7057 7565 6043 4036 6907 850 109 5819 5806 2485 6976 7415 5173 7225 7055 6619 5524 7231 3367
7414 4483 5814 6460 4828 1879 5802 6494 5196 5524 6241 7080 7086 1151 5806 7393 7092 2658 4036 6560 6618 6221 7341 5796 7350 7400 6615 5215 5531 1542 6993 6552 5773 4879 2452 5185 5189 6918 7046 3381 5811 3447 5173 7071 3586 6595 4948 766 6624 4915 7294 6555 6801 457 5177 5103 5822 6280 5543 6123 7012 4974 6270 2328 4792 6619 395 7278 6523 6714 6774 5002 6243 6914 6789 3456 7055 2565 7131 6323 1098 6272 6907 109 6784 7021 7335 7063 4994 237 6486 6804 7231 6198 7343
7422 5822 3787 909 2839 7421 7233 6518 371 3691 3381 5531 1879 5800 4712 3965 6900 6885 5173 5806 2258 2485 737 6714 6784 5524 2565 425 6615 2658
7423 2738 5811
7436 5524 3586 6619
7442 5002 7441 3348 6510 6714 425 6460 7390 6916 6784 6615 3642 6789 5524 6993 136 3320 6360
7443 5998 2560 6241 7280 7279 4441 6615 6596 2576 4151 6712 5802 5796 7697 7055 432 4040 5529 5103 7231 6624 6494 7390 1374 335 7405 3381 6875 5524 7056 7049 7045 7047 3084 766 6020 7391 5800 6043 7649 2565 7092 5915 7679 4948 6006
7449 7744 5820
7450 7055 5524 7447 3691 6714 2658 6615 336 5802 3456 7231 6139 7446 7444 5531 1097 2565 3027 7400 766 4310 6624 7052 3381 6784 6916 737 7086 457 7445
