5176 5110 4527 1374 2967 2102 3456 5684 2623
5178 5696 5217 789 4712 4040 1697 4988 5697 3378 3452 4632 1151 2485 5022 1737 5935 5768 4980 3586 5534 6146 766 4828 5103 3027 5110 4041 5630 4534 5668 5871 5189 5254 4717 1542 4746 1691 4212 5079 6247 2237 5524 5531 6248 319 5185 6241 4065 5196 1111 1734 3751 6220 5770 6075 3000 4967 1004 4598 5391 5123 3642 5194 6020 3453 5172 4455 6200 457 5549 5796 5179 2595 3449 1667 3456 4781 3995 5822 5400 2793 2688 5485 3092 3447 3798 4852 4073 5543 5427 5125 5262 2988 5819 5553 5020 5177 5550 3459 113 3032 3965 5818 4310 1496 4063 4899 3460 5484 4353 3614 1799 4099 2256 5783 2410 2972
5179 6510 7294 4443 6907 311 7685 4310 5177 7391 6618 5173 6068 5802 5188 2667 2452 7642 5531 7744 5423 6946 6918 3447 7930 7775 4532 109 5800 4574 5022 2565 2738 7047 7614 2688 5998 5796 737 7931 3642 5796 3478 5524 4967 457 5787 6460 68
5182 2688 5189 4899 789 5787 4310 5263 3641 2775 4574 5246 2369 4748 5102 5190 766 5002 5916 4045 1151 5946 5479 4967 3000 5697 1133 5180 3614 5123 306 5543 3642 5022 5896 4082 4070 3796 3449 4557 5437 5952 3453 3209 5684 4824 5110 5662 3345 2258 2660 319 5139 3969 5824 3445 5176 5382 5871 3009
5188 2688 5153 6038 5181 2605 5171 6608 1074 3995 1847 1823 3456 6327 6271 3642 2328 4151 4483 3453 1990 4045 1701 6460 5697 6170 1972 4981 5185 3919 5531 68 6305 5079 5961 4604 5102 3447 5022 6272 5802 4673 3381 1151 5177 5565 1166 457 1982 5814 5179 4310 5822 5524 3439 6359 5002 5301 766 4099 109 3586 5857 5193 5862 737 5140 5839 4967
5189 2667 2909 5002 3453 4894 5171 5565 4899 3447 5562 4036 4967 3601 4632 5188 5482 4600 766 2688 5312 5382 4276 2387 3666 4138 2605 2504 5285 145 2369 4073 4948 2565 5175 5184 5321 4353 4712 1374 457 5079 1133 5566 4653 4310 3394 3449 1639 5008 2485 4099 1247 4846 5190 3350 5176 4550 3498 4536
5199 7294 3381 5543 6772 6615 457 6714 5320 4814 7327 6518 766 5188 4437 2565 6359 5524 1374 4899 5655 5531 5800 6789 2258 3586 5802 7295 6993 2249 6991 737 5173 6784 6327 6280 395 5002 6906 7052 4211 5015 7317 7080 4364 6555 5079 6560 2186 6907 5697 4994 6971 3459 6299 4310 2972 6305 7326 6316 1204 6097 6032 6596 5822 5295
5200 87 3785 5697 1796 5524 6323 4813 5814 5179 5199 5543 5174 3586 4073 5207 5812 4441 6324 2667 3447 854 4795 109 5188 3568 4041 3642 2084 6132 4899 4964 6325 3292 3453 5262 4673 5714 4483 5423 2688 2145 5582 2258 4915 1549 6271 457 1915 4653 5079 3381 4488 5808 4764 766 5696 3456 5655 4967 5799 5396 5185 6326 3035 2693 634 5404 5446 5802 5796 4948 4632 5857 5203 3995 5189 1542 4221 1385 5215
5204 5020 3352 4219 3463 4653 5199 5196 4276 1467 5110 1470 3796 4442 4222 766 3449 5079 5198 2688 2871 3453 3456 457 5119 5201 4899 3995 5202 3447 4964 2972 5152 4748 704 4041 2387 841 5195 2658 4233 4967 4077 4813 3556 4204 5194 4045 3394 2565 1133 4355 4718 4948 3673 4441 4483 5197 4725 789 4438 2693 5200 4974 4070 5002 663 5203 4509
5208 4653
5210 2565 5839 6900 6305 6907 7818 7608 5102 1796 7900 7092 5110 6272 109 5697 6305 8062 5998 2855 7964 3456 2658 3389 3751 5811 2369 5934 5275 7047 3238 3642 6068 4673 6841 4795 7775 3634 5524 5160 2972 8065 5702 5531 6618 7080 6488 1814 166 8012 7026 7335 8064 7391 7933 5002 3000 7005 4795 457 3634 5800 310 5179 5927 6314 8063 5998 7086 6043 5822 5006 5173 6327 1166 7053 3925 6272 5022 109 2458 457 993 1990 5697 5002 5739 6421 6217 6709 988 5802 5295 2440 3586 3142 4948 4524 748 6443
5215 2565 4468 5152 4824 5213 4355 4045 4948 4974 5214 5110 5200 4976 4653 2369 2299 2995 3449 5079
5222 2688 4967 432 2972 5219 4718 5009 5221 4045 841 5218 3035 4726 1032 2702 4632 4653 763 4964 1133 766 2909 5110 4428 4077 4899 2135 4938 3919 310 3402 789 2565 3010 2658 3246 3614 3453 3556 5220 1680 2871 4948 5119 4070 263 3449 3352 457 4859
5226 3449 3390 3642 5612 5176 5769 5714 2988 5079 1542 5761 5604 5179 1530 1701 3459 2972 5452 2258 3478 1647 2299 5189 766 4310 600 5123 4948 319 5697 2369 4796 3614 1537 2384 4653 2688 4824 1151 5531 4967 5188 3333 4221 4557 4814 5770 3453 5180 2387 4099 3447 4353 5263 3456 3643 68 3796 3274 3015 4536 4070 4276 457 2605 2587 4073 2883 2145 2707 4045 4037 3191 3092 231
5231 5225 5224
5233 4756 2908 2667 5289 5173 457 5818 1915 7362 5553 5617 5589 6248 5524 3145 695 6619 4632 6714 4073 6618 5189 1374 2376 6443 3191 5189 2249 5810 2565 5806 6323 4632 5697 5179 5800 5984 6272 5531 4899 6907 2258 6494 3607 5207 6560 2940 4169 3665 3642 5448 457 7382 5543 1767 5048 6976 5658 4046 3642 5022 2485 5696 788 3522 4175 737 5002 7280 7052 6312
5239 3666 5099 749 2972 789 3796 4967 3092 4974 2658 737 4483 2257 766 5238 5155 3614 3453 4710 2688 4482 3777 2565 5140 1662 4219 4718 310 4846 3449 1305 457 4948 4828 2564 5002 1247 2667 5009 5233 2387 4041 3352 4899 1542 3463 1496 3457
5245 5244 2658 5242 4082 5243 5241
5246 6618 166 457 5177 3683 6072 7391 7086 7733 7727 7294 8146 5859 7900 7047 2658 3456 5928 2299 5524 1098
