3 143 41 269 180 10 178 28 292 6 24 54 139 111 19 17 14 223 46 29 47 34 59 26 73 127 138 20 35
6 5 11 28 63 39 20 66 62 8 26 34 65 10 64 56 7 55 27 19
8 75 312 33 11 11 113 738 10 72 5 306 28 6 17 139 76 75 315 73 39 24 782 72 15 319 75 55
15 5768 5783 4441 319 5612 5691 1097 788 5644 3568 2231 2297 3787 4071 4013 2790 1915 53 6192 2693 5589 1608 154 852 1538 2623 2972 122 89 4530 87 68 2135 6157 3728 1979 2651 5584 5427 4488 2655 1701 4045 5855 994 1075 1767 4353 58 3812 4073 59 3642 2851 4899 634 36 5534 2144 695 3522 5177 6185 4144 3930 5787 336 6156 3830 6183 5089 2567 2564 6068 4712 3751 3601 2410 5215 1359 4598 24 2667 3443 5913 5110 4933 5263 3381 3571 5714 762 3088 854 2940 3453 3643 6187 4781 1034 6190 4190 5262 5079 6178 3027 5624 4297 3255 335 3456 44 542 4948 6193 4600 2595 3794 3449 1215 2160 1111 5862 1151 27 4008 2240 2225 5121 2178 6182 1800 5610 2384 249 1106 710 1542 4988 4076 3977 2237 5189 1622 4524 1190 1644 2760 308 5605 1055 1179 120 1847 1751 6186 697 2774 6001 2504 3150 4739 1470 4315 6191 5630 3445 388 5807 5666 3956 5857 701 4041 2369 5150 1522 3458 5123 996 5796 2323 6075 4015 280 3976 3813 1395 4040 1783 1549 5166 2256 275 1051 127 5805 1661 4587 4967 3982 3459 90 3004 4576 3688 2544 974 5487 2775 3041 5037 1733 6188 556 600 4099 2619 4036 4828 113 6020 1193 173 4483 2594 6184 11 1835 457 1697 1285 136 5916 5196 2585 2981 1496 2440 6181 6180 1247 6179 5179 825 5321 5890 1133 2368
19 26 24 176 11 132 143 28 257 20 138 136 47 27 6 42 71 282 10 8
23 8 14 26 154 25 15 6 42 29 171 19 157 90 11 9 10 172 50 5 58 39
28 47 6 42 139 19 440 237 151 366 238 26 230 138 143 222 49 239 8 233 461 21 25 101 235 152 36 6 29 127 237 223 462 152 128 336 27 12 11 74 15 460 224 221 226 11 90 444 236 3 17 232 11 231 77 72 39 29 139 9 87 192 225 55 66 275 15 234 47 7 75 87 25 228 154 169 14 41 227 15 14 152 59 103 54 446 58 14 75 443 4 208 12 454 125 16 147 36 41 24 104 10 74 53 75 8 78 147 50 226 55 25 215 455 41 26
29 311 176 645 265 334 90 25 23 28 113 6 74 55 635 255 151 39 187 312 708 157 317 126 87 371 600 761 11 823 125 306 80 143 313 128 110 154 308 304
30 16 8 19 11 18 20 21 17 13 3 5 10 15 24 22 6 4 23 12 14 9 7
32 15 14
34 10 6 8 28 273 11 27 100 24 26 42 20 9
35 1022 11 152 1127 946 395 215 587 255 231 1062 1050 1201 171 176 922 600 971 339 647 879 1305 321 943 663 227 1259 376 730 39 143 1234 1160 1075 715 310 317 89 166 17 1297 941 904 644 1286 24 132 1237 789 415 86 7 759 1278 90 36 635 6 1235 28 805 803 164 1029 1331 705 706 265 290 986 1210 588 21 978 865 127 659 457 791 871 707 173 1292 1167 1291 626 994 810 556 74 1279 993 1063 1006 311 710 87 545 985 1128 1241 25 784 71 125 634 1332 313 1193 308
36 310 187 376 315 706 11 590 339 55 24 312 143 334 317 650 306 18 600 138 87 308 759 8 691 695 201 125 20 812 46 722 432 255 663
38 6 4 15 19 33 10 36 23 28 5 11 7 26 55
39 34 319 345 26 593 165 594 140 6 8 35 192 72 29 3 111 90 426
49 430 15 56 15 8 11 541 552 430 14 14 31 265 77 59 77 139 59 440 426 504 74 366 454 28
50 25 71 37 10 8 42 35 11 6 80 28 5 156 29 153 26 17 36 23 152 86 19 39 33 157 20 47 58 154 24 155
54 43 48 37 34 39 15 52 5 51 6 50 41 36 40 10 38 45 14 21 8 19 47 33 46 29 53 26 24 17 49 11 42 35 9 3 28 20 7 25 44
55 47 544 226 45 548 26 23 74 58 20 18 15 175 25 79 40 8 81 29 106 38 80 17 57 86 342 28 14 66 7 550 104 547 11 19 138 129 254 91 42 87 546 218 90 152 307 125 9 543 6 541 333 161 51 545 71 27 126 36 201 5 549 356 444
56 41 313 72 1962 244 1997 311 1462 8 1701 1132 826 371 583 784 695 996 74 192 769 47 1537 157 371 1137 2340 1055 1992 26 1919 78 310 1820 78 561 1772 1991 101 334 949 956 1717 1055 1553 94 11 405 41 1374 1571 20 2133 42 6 2072 978 1202 784 2565 33 582 310 1549 2256 86 1143 1919 1151 89 98 2593 46 67 1200 2557 2576 1305 1184 237 132 295 2757 2299 132 87 1462 6 993 695 941 68 2233 1210 1326 75 152 946 1151 94 29 2435 14 2647 2472 1098 1185 280 2474 113 66 280 1097 15 842 59 311 1644 75 2569 570 2272 665 1549
61 57 56 50 47 60 15 59 6 11 58 9 19 21 20 55 5 8 7 28 14
72 68 4072 1530 5002 5697 315 3274 407 4611 3794 1242 3461 2587 3032 1808 2688 4489 5675 2387 5666 946 11 5691 3641 1184 371 1137 742 643 311 371 4756 1210 5536 407 3453 1492 4447 2760 5017 5695 2062 2564 3176 1717 816 813 5532 1717 90 1215 2744 5006 766 3976 1470 5118 3787 3792 5696 5360 4824
75 25 20 336 461 55 74 426 161 454 307 14 67 28 237 302 460 101 73 79 328 367 540 498 8 494 265 42 21 364 126 462 403 365 166 542 11 103 254 275 68 87 58 536 344 9 32 152 38 90 7 352 155 539 31 541 201 80 104 113 41 139
80 154 251 36 26 303 6 55 8 323 328 275 236 23 223 25 103 58 42 327 12 169 143 324 9 20 28 136 71 47 263 201 326 151 256 111 51 140 180 39
