1394 1201 789 72 1137 1210 1204 1046 1006 6 1114 171 663 1286 1393 173 1160 742 11 1390 1221 317 306 1259 993 1391 1392 996 1236
1396 1352 1043 457 1042 704 1210 1132 1395 946 6 290 231 59 371 173 1006 1221 769 72 789 20 182 1377 11 1160 805 1201
1402 259 1401 545 1009 1397 1291 11 722 376 308 686 173 1377 1398 1292 707 20 256 1006 1399 1380 1248 1319 171 805 36 1400 432 1204 1367 996 1210
1403 1305 6518 5814 737 2485 2249 1722 766 4967 3770 7241 6615 1374 5002 6916 7188 4045 3381 6032 6906 6598 3106 5800 3969 6714 5090 6272 6241 3593 7222 4310 4795 5524 6620 6486 1286 634 6994 6619 2774 6907 5811 5857 3571 6702 6327 5143 5106 5802 7086 4040 3527 2565 6280 2264 7052 5531 7104 7240 6624 6971 5616 4046 7092 2186 3452 5102
1407 1997 1151 546 22 1549 1428 949 1608 1765 1338 199 11 1492 1042 1808 432 1210 1835 749 1772 763 1098 1395 2104 1838 1129 1615 993 946 1837 2110 1480 1380 173 1537 600 1247 1050 310 1202 407 2111 1962
1411 1847 1783 1756 1526 1483 1865 1868 1102 954 1350 310 1406 1352 1521 941 11 1866 1354 1867
1412 996 1346 30 1408 1410 1405 946 11 1006 1403 1409 150 1248 1355 1210 173 199 1407 16 1406 853 1009 1338 1235 1404
1413 650 11 35 643 334 1235 742 1380 1305 1160 689 171 1286 941 601 1137 789 996 1032 1167 308 1201 1308 1210 704 154 176 805 173 1114 311 795 946 312 1211 831 315 457 705 87 697 36 111 1259 319 710 872 813 1221 686 1200 769 340 306 317 1132 324 922 310 937 993 143 407 113 1278 1006 1386 138 1135 1029
1416 3072 1835 766 3108 2160 1701 2688 1062 1549 1305 996 2229 2472 2384 1922 2550 854 2619 759 1135 1424 457 2093 24 1143 2510 1200 2237 2236 1137 2654 1691 151 1166 2871 2699 3156 2297 182 128 2904 3098 3041 2686 1769 1210 1592 988 2693 1783 1384 1608 3062 2209 993 1684 826 2576 2507 2474 2912 1795 2968 1732 1496 1972 1151 2102 59 2883 36 2948 2476 2546 1814 2371 2774 1967 1051 2651 2565 2674 3020 1127
1418 35 348 311 308 1135 1235 216 457 395 364 946 1322 1062 1075 650 1380 11 312 1137 1210 1319 161 1006 769 1278 686 306
1419 2839 2256 2833 1062 2474 24 2135 1741 348 2072 1705 1991 1922 766 813 1374 1395 122 2472 2546 1473 1521 2565 1200 2230 650 996 1808 2085 2792 2557 2608 2186 311 1549 2838 2840 1820 1305 1919 2473 2768 1608 948 1098 2411 2133 1166 2375
1420 47 1129 1210 1390 1386 784 457 1380 545 803 1286 993 1419 722 854 1352 1075 686 11 1235 1051 1319
1425 1308 1236 1009 633 1335 587 1221 993 742 1062 805 941 161 109 1235 127 943 46 588 1422 311 89 1201 749 1278 646 407 1210 922 180 7 1380 312 1421 759 1160 1423 626 1248 1424 1386 978 1279 11 1075
1428 1620 836 1601 1236 1470 1151 1319 1137 993 1248 340 1496 1492 922 1466 1319 1608 1462 791 1594 1278 1553 371 1621 311 1555 941 1357 1350 870 1433 1234 813 1247 1530 1097 826 707 1433 1483 1000 1424 1610 710 306 1538 1549 1279 1441 1055 1129 317 1619 766 1489 28 1202 310 1589 1622 1583 1473 1167 173 1442 1352 1279 128 712 1487 1395 789 1525 1447 1623 1135 1201 176 769 1582 356 1386 1615
1432 769 978 1115 86 55
1437 2688 2686 1097 1151 2565 826 3089 3095 993 3062 988 3059 2704 2472 2371 2547 1166 1230 2646 766 2651 2510 1583 2948 2707 2274
1439 587 158 1233 1236 1278 304 312 978 6 1297 922 710 1447 24 1135 1380 1319 143 941 921 1290 928 11 173 1357 1221 1434 1237 35 1326 588 871 1055 1009
1441 11 1516 1549 1279 1515 1517 1467 1510 922 922 1006
1442 998 11 1682 295 1614 1525 1594 1615 1487 1335 1681 836 1009 6 1299 24 1605 706 556 1444 1446
1444 826 11 2159 1386 2215 1428 2072 1823 1006 993 1446 813 2218 1621 295 1442 1395 1062 2062 1262 1608 2219 1868 1151 996 173
1446 35 6 1279 371 1319 312 1443 304 1442 871 432 1444 1445 1278 11 173
1453 1188 704 805 1382 1319 2790 2623 2485 3144 3661 2326 762 1305 11 904 1608 3636 216 2535 722 11 3568 2688 3024 1452 650 2109 122 2871 816 1395 1279 996 3923 1381 988 2872 2713 2653 3842 2371 649 1748 1549 1200 311 3666 1566 3168 3571 3175 3786 879 2135 769 964 784 1378 311 3032 2880 3059 639 147 1688 3107 788 3925 1795 871 3647 769 2504 1236 704 3924 113 948 1006 1381 312 2542 1352 982 216 3527 3728 1247 6 1720 3635 1734
1464 1461 733 306 1086 1235 308 1454 993 280 1455 182 311 171 6 1457 59 1456 1394 1179 127 176 319 432 312 1151 763 1279 1462 1459 1009 1137 853 1460 1029 11 340 986 1135 42 1281 1133 1458 1374 1424 180 304 626 1293 1380 1234 310 173 784 1463
1465 6 176 1063 1137 1044 35 1049 11 173 784 871 1319 311 1006 769 42 1043
1468 176 312 1357 1278 109 1006 626 6 35 844 1279 1380 304 290 11 1466 805 1135 601 1247 173 791 1029 1319 1055 308 1467 90 36 371 789 306 871
1471 1665 1278 1666 6 1055 993 319 312 173 1380 1501 1470 282 707 1279 1395 1487 1236 1428 1357 199 706 1211 852 1628 1549 600 826 11 1468 704 7 996 1594 813 871 1632 1608 1615 1167
1473 5188 2564 5485 4310 5104 1353 5531 5606 231 5552 1374 3624 4071 3854 3015 5714 2485 5765 4843 3462 4451 3642 5180 3478 996 1166 5263 3643 3488 722 3458 3692 1701 697 5179 1075 5187 3057 5262 5764 2135 5600 4632 3021 1639 2264 3390 4824 1549 182 600 2688 4045 769 24 2102 3691 766 5176 3453 556 5079 1542 1937 4967 4739 3728 4338 4276 2988 4266 3614 1767 789 1151 5472 5489 259 4948 5313 5616 1811 306 5763 3498 3148 3449 2033 4709 2707
