5582 5524 2565 1098 6934 6299 4046 6327 5949 6916 7100 6414 6907 6620 6714 3381 6976 2707 5811 7099 3787 5800 6906 2249 29
5584 5802 5981 5857 6094 766 4045 5002 2297 5103 5140 5807 335 2369 2765 6305 3449 263 5612 546 4065 1151 4967 4981 319 4598 2485 1972 1247 6179 5011 5524 5697 3642 6324 1701 5816 5423 4673 5531 2440 457 308 6217 2542 5079 4310 2186 1074 749 5796 6170 5188 87
5592 4076 3191 5591 4966 5263 825 3813 4550 3461 122 4483 3666 5188
5596 6359 109 6784 1762 6736 2688 136 6522 3614 5439 6649 6615 24 5524 5301 6377 6842 395 5189 6595 5452 3010 6772 5262 6494 6299 3642 5822 3459 6843 5802 6272 4967 5697 5188 1471 3641 6346 1074 5796 766 6813 5871 6006 5185 2565 6486 6783 5531 6844 3447 6305 4483 3456 6726 3460 5543 4717 3381 6596 457 6081 6323 5800 4883 4828 6841 5079 3345 4661 5273 6714
5605 7280 2576 1133 5796 2118 7885 5028 2440 3316 68 2623 3641 4099 1374 7578 8041 4036 5226 7294 4401 6221 6976 7733 3752 546 6914 3958 6907 608 7378 5102 2565 5103 7424 5872 5037 3447 805 7055 3392 737 8153 6624 7856 8152 2240 5802 7900 4981 5697 2516 7902 7052 3293 5827 7405 6596 2369 7086 2694 7774 7679 36 1667 4792 5524 3916 6900 2831 6305 5454 5814 3965 7490 7901 1661 3456 7047 988 7564 5185 7945 3586 3453 8036 2003 7862 6218 4140 4948
5614 7047 457 3293 7086 4036 1480 8053 66 1667 7564 5614 8036 5524 8085 1098 2565 6323 7511 4483 5185 5276 6072 988 4140 6902 6624 5802 5028 6305 7449
5620 1207 5250 5263 825
5624 6156 5079 2774 4045 5855 2655 1542 4041 3642 3786 6020 5123 3449 5932 6170 5103 1737 5787 4099 6068 2667 5301 5818 6075 1000 6169 2605 5696 2507 6119 3459 5582 4967 5321 4781 3586 5836 5543 2369 2688 6168 5022 1075 6151 5189 4065 5531 5457 2544 1133 4717 4310 766 6043 59
5626 2972 2688 766 5189 5624 4673 5818 6218 5799 4899 5188 4273 3932 5961 5439 1972 6219 1166 4813 3032 6216 5697 2174 3642 5696 5022 457 4144 2940 5812 109 1207 1074 5524 5582 6217
5630 5301 3522 4718
5631 2379 1027
5637 5457 4073 2485 4967 5171 4653 2688 4550 4353 3449 3498 1374 5190 4138 3453 2565 2972 5176 3390 1133 5531 5553 5263 5188 4151 4036 4310 749 5285 996 766 5324 5189 4899 3479 5079 2605 3366 3191 2707 3447 5184 5179 4276 4980 4099 3995 689 3614 2564 3624 5534 3854 2384 457 68 5187 1549
5638 2276 5022 5608 5079 5697
5639 2744 3456 3522 3806 4824
5640 5528 5187 3960 3522 2237 2744 3449 5099 1207 2909 5263 5173 53 3456 825 4076 5639 2485
5643 6993 6460 6951
5650 5175 5515 3449 1151 3453 766 3032 5184 4550 3835 4138 4824 4036 4717 5188 5478 5263 2565 5648 2605 4653 5190 4967 4041 5176 996 4536 2689
5651 2565 5020 4276 3461 763 2605 4967 4310 5181 1823 766 3390 5188 2135 2988 580 2909 310 3854 4073 4843 3498 5608 4824 4138 5175 3032 1661 2257 2871 5176 3449 3191 2001 4036 457 432 4856 2485 5184 5189 2549 3452 3453 2688 4712 4550 3786 2384 5285 3658 4980 996 5190
5655 5800 1621
