6725 5811 5022 2276 5800 6217 6510 4144 425 4045 2851 2369 5596 5950
6736 5811 1098 3456 6620 6560 6299 5800 4669 2677 6272 5079 6360 2249 6486 5816 5761 1796 5173 6906 2972 7080 5531 7086 3593 4795 5524 6510 6991 3381 6746 4192 7245
6737 7280 7086 5806 5247 8260 4788 5378 3032 7901 7391 7810 8050 265 7047 5194 2658 2565 7676 4364 4632 7902 8261 988 5800 4948 99 8211 2983 3747 87 3142 8047
6739 766 4899 5802 4140 5612 1796 1990 6735 136 11 457 5696 1098 5171 5582 3479 4748 1074 6299 6736 6737 5185 4483 5079 5806 3641 2688 5697 3642 6359
6755 5022 5655
6759 7666 2565 7080 6494 7682 6460 7675 3142
6765 5811 6270 5079 6314 4828 5604 6032 6949 99 6612 3642 6486 6618 6327 5692 5524 1098 5524 6934 1098 5179 5022 6618 5285 2620 5807 1879 5254 1644 4550 6510 6359
6769 5022 1074
6770 6526 5549 143 2456 4967 311 1608 1074 1356 425 5802 3586 2565 6810 3381 6714 1762 5908 3453 5185 6377 4099 1701 737 5796 6804 6398 2328 5188 4435 3641 3032 4883 6608 695 6522 5524 6406 6811 6560 6615 6305 3010 6488 766 5697 6422 4964 4076 109 457 6775 2621 5022 4065 3607 3642 6270
6772 6555
6774 5002 4981 4967 7009 5079 6398 7000 5998 7025 6998 6032 6755 6615 7027 6999 5582 5316 6993 2565 1733 2376 5189 5697 6523 7013 7002 6736 6619 406 7024 7023 7007 319 7029 3958 6486 2981 5822 6596 6123 7018 3032 2972 457 1796 7005 3642 7003 5524 4045 4662 6359 7028 7022 5739 7004 7011 7016 7026 5773 4483 7008 7006 5800 2328 1374 4933 7017 6243 2909 1608 7015 6899 4221 3393 6976 766 5531 5802 5999 6272 109 3092 5796 7020 5177 3381 7012 7014 5543 6620 4310 6913 99 5814 6714 5738 7010 7021 2240 5188 68 6657 5871 7019 7001
6777 5531 5173
6780 2940 237 20 8086 4626 4353 8087 4948 6618 5802 5920 6624 8084 5800 2819 7511 896 7086 5614 6064 2485 5553 737 4666 6221 7280 5378 7774 7047 8085 8069 7425 5053 5819 6305 8053 3057 5814 3310 4036 6946 8036 1612 6658 4632 432 457 6914 5103 7020 3586 2565 6151 6907 5524 6016 6918 996 7490 8023 5233
6783 2328 4792 6377 2688 3642 6305 6615 6006 457 1374 3381 2565 4828 5439 6815 3010 5608 6299 5022 766 6327 5796 5188 4788 4967 6217 5582 5185 5800 5531 5697 6323 6596 6772 5720 6736 1098 5596 3641 6522
6784 5524 2940 5543 7128 7269 4310 766 4934 5804 457 6229 5123 5796 5485 7266 5812 3015 580 5582 6241 1166 2707 3032 7129 6327 6518 4824 6848 5189 2619 5002 6885 6714 6993 7104 6305 5059 4483 5185 6975 346 6907 6976 5814 6323 722 6218 6649 143 2834 6618 6913 7268 68 5079 2264 3770 3447 5179 7063 7132 6934 2145 6941 3381 6615 5098 3586 840 3090 5188 7270 6914 663 1647 199 6906 6123 6994 2452 6619 6032 7265 7092 4764 5692 1098 697 7267 3634 3310 6299 6620 5028 7012 4967 546 3445 7271 6971 6635 1151 5802 6486 7086 7241 4943 5800 737 6611 1374 3877 6359 5432
6788 6787 457 1074 5022
6789 6323 6299 5022 6198 5800 2621 5524 6560 6596 6619 1319 6906 6346 5800 7363 6483 5173 6305 7045 6714 5822 1098 6510 5932 6991 2565 4687 6781 7188 6772 1924 6522 1374 7052 7335 909 6299 6270
6790 6471 5549 5484 1185 2889 3658 766 1549 6241 2258 5655 1374 1365 4536 6627 6949 840 5800 6993 5857 6525 2855 6984 3764 1098 2565 4045 5103 5391 6490 1395 5824 5531 4833 6784 6975 5439 1210 72 6912 4828 6198 6305 6995 5188 3381 6615 5697 6886 5022 5524 6093 5814 5482 6 2693 6494 2619 4981 5543 6620 3665 4967 4843 2677
6803 6525 1374 3642 6522 5531 6772 5022 6305 457 6714 2688 5697 5188 6802
6805 6208
