2378 1350
2381 310 2702 178 3796 789 1701 663 4222 11 4717 4725 3445 4442 5079 4509 2264 2972 3452 2660 5118 1823 2237 4077 5119 998 2576 4152 3456 5111 879 4045 4151 795 3813 4899 1142 3453 2062 2967 1496 311 4948 36 4041 784 1253 1470 4943 4127 173 4582 4219 1717 4536 2257 2688 3449 4315 2693 3394 5020 122 4686 1767 2565 4428 3631 3614 737 841 2871 580 2605 1151 1166 4073 4483 1063 5110 4967 3110 766 3238 2535 3402 3352 1922 2504 2831 3498 4929 710 2118 3457 4859 3615 4846 4076 1097 2135
2384 2565 2707 3568 1024 3522 3633 1972 3594 2713 122 4042 749 3872 3454 3208 3567 2871 4016 1549 2909 3871 3435 2964 813 2485 1542 90 1697 3869 3686 14 1492 3378 2700 3714 2326 11 2651 2444 2688 766 2967 3949 4039 4053 4036 3026
2385 1585 1151 813 1919 1756 904 1549 2118 1565 647 2274 1608 2099 172 1164 706 11 1395 1521 1808 2328 2384 173 546 2062 1570 311 2365 826 588 2065 1542 24 1279 2133 1098 2264 2233 1730 1977 2255 996 2272 38
2386 3456 4653 5110
2397 2379 1717 59 86 11 1395 633 2282 2393 784 2062 1211 412 727 172 2255 1772 109 1730 1129 2133 1468 1521 2072 457 986 2391 996 647 1756 1441 1549 2215 1608 1151 2328 1919 173 2249 546
2398 2272 2842 4582 1783 2909 2237 3088 5321 407 4934 1462 87 4335 1319 4099 3461 2790 4412 2651 3643 5295 5119 3642 3350 5189 2144 2967 4948 1767 1285 805 3683 5382 3456 2660 789 5610 47 27 2117 2752 697 2237 457 1210 15 3459 2145 5526 4966 825 2653 5020 2326 879 3256 2276 3034 3568 5150 1585 5123 766 3977 3456 3630 5515 2585 172 766 5462 1286 5174 1707 3785 2576 4191 1608 3334 2913 3449 761 1734 5312 3039 4824 231 1374 1748 3316 2667 3956 727 3728 1165 5608 4363 4764 5179 5184 2565 2612 2297 4712 5250 4531 2651 1915 5605 2859 90 2594 3965 3454 1037 996 2651 4353 103 1496 291 2653 27 4574 5606 3930 2369 3518 3673 3028 4138 5176 1055 2285 2871 4981 5283 2737 1470 1133 996 5607 3601 4144 3976 4662 781 3258 3032 3786 5584 4543 2623 3345 5499 4531 3394 5254 2193 4073 3854 2323 3728 4756 2129 5604 4671 2240 4653 625 3034 2109 4273 1142 3641 1343 2694 1055 2474 2541 4964 1133 4967 5317 166 3084 4116 3691 1297 4297 1549 5285 4899 4044 3378 4127 5609 3641 3522 87 3394 3787 5455 1522 1922 2688 1207 2299 2567 1055 2376 5181 1661 2689 2811 3345 2223 1644 4082 2790 1972 2565 5611 4448 3191 1125 4315 3813 2790 4292 1564 178 5002 5081 4550 2135 3519 3960 2688 136 5263 5198 1990 3384 2504 4059 2691 3031 3806 3386 1247 2808 1749 4536 5012 1847
2400 1098 2072 1210 110 988 1395 650 407 71 215 826 1980 996 173 2378 1062 1166 1521 1230 1203 2062 704 2399 1111 2328 789 784 1820 2272 2371 2233 1215 59 1549 2398 1322 2255 1919 1608 312 1585 1380 2249 2231 1730 795 2118 2133 813 993 1350 11 310 946 2085 1279 1756 1772
2410 2474 2565 1282 826 1305 2665 2617 1783 899 1781 1585 2174 1496 1374 1549 21 2594 1098 1772 1135 1808 2618 2507 113 766 2209 1000 2608 1395 722 2328 1538 2256 1991 2578 1888 2555 1614 2473 2740 2510 2072 1151 2133 813 2775 11 2299 2788
2411 3024 1305 1424 2693 1918 2379 2565 3417 2565 3026 3175 2654 3010 2274 825 3200 3765 457 1259 3394 2290 2365 3785 2939 2332 3766 3077 2697 2923 2379 2790 3380 856 3046 3615 3304 2967 3084 2791 2593 1428 122 2230 2328 2485 2688 3352 3026 2713 11 1062 172 2256 784 2369 2236 842 784 2904 2557 2657 2326 2653 3731 3477 3256 2576 1820 3611 1608 2747 1919 3078 922 1717 3056 2658 1210 3000 3526 3523 2703 2174 166 1492 2958 1132 2651 3047 988
2416 784 2744 2842 2384 403 2557 2565 2647 1200 784 2576 2778 2476 988 2565 1055 1305 2384 3056 838 825 2326 2700 1356 1114
2420 2113 2419
2426 2072 1756 11 2416
2433 6359 3854 6521 4076 3381 4045 5022 5582 6519 4448 5524 4967 3969 2264 425 4500 6524 2811 2688 4934 2565 3453 6523 1074 6525 3642 6381 737 2778 6305 6006 1151 3969 457 2485 5531 5079 4523 4219 2967 2565 2688 2693 4934 2411 3641 5817 2135 4326 5188 6522 3456 2811 6520 766 6443 5802 2326 5697
2435 2174 2251 2328 2231 1006 457 1395 1549 1608 2118 1951 11 2240 1151 1062 2434 978 1756 996 2274 988 2133 2085 1766 1135 1098 742 1997 2433 2256 1603 2093
2440 2297 4297 4967 6223 2972 5822 3041 6577 1074 5140 6038 5193 2257 3439 1796 766 3459 2790 1701 68 5079 5524 4813 4981 6271 4673 4045 5821 6179 737 5188 109 2456 4488 6563 5802 3456 122 3642 2688 2775 4036 3917 634 5697 6272 2547 6305 457 1132 5952 5819 5624 4899 1814 4310 3034 1549 5816 5739 2364 3472 6006 5810 5531 3453 5871 5796 3345 5612 5584 6460 4687 546 4598
2456 3462 4782 2118 4774 4781 1468 3443 2967 1614 825 4757 1286 2564 4671 3917 315 1132 36 3451 1549 4717 4725 1151 87 3378 3456 1754 2912 3454 4076 3787 4756 2237 3452 2297 311 2542 3666 2565 203 4211 3447 3794 4664 766 789 4219 2215 2145 4633 2135 2485 122 1133 4739 4447 3225 3449 2117 4261 4045 582 2009 3835 4688 3453 2688 2871 3027 11 3498 784 1395 457 2226 2258 4687 1748 3144
