4103 1613 3568 4511 825 2237 2565 4725 4219 4688 1151 4574 789 4633 4632 4774 3787 4798 3961 4212 1133 2688 4045 3454 2967 766 3451 319 1549 3631 4076 3225 3168 3453 1468 3631 11 2972 4046 29 3449
4110 3655 3948 4056 2379 3728 1133 2660 3568 4105 2967 3827 259 2559 1767 3780 4483 1730 2964 1196 820 1972 364 4106 356 825 842 2565 2707 3961 1835 87 3168 371 769 3890 3541 4104 657 383 3352 2770 2974 2660 3641 4039 2326 2502 4107 2290 2872 3614 3660
4111 4111
4117 643 122 2565 2872 2707 1549 1132 2326
4124 432 3691 3439 2326 3614 2688 2968 3562 5036 3666 2909 4073 457 1097 87 4045 789 3457 813 4859 2565 556 2506 3192 2411 3034 3976 4829 3321 4993 5006 2967 68 1151 4899 3522 1374 1133 2297 4041 3209 1922 3028 2510 2264 3787 4947 4632 3956 4833 2653 173 3615 3453 3394 1542 2707 3854 4967 5047 1808 4219 2485 825 2594 3057 3568 3449 879 2371 3660 4943 3748 3452 4212 2237 3447 3456 11 4973 2623 3185 3462 4948 3366 4746 4937 2935 5046 2547 2822 4964 3026 3390 4428 3641 2658 749 4252 3352 2981 2972 2696 3092 1166 1470 4441 2369 4151 2289 2790 5048 3455 2697 3454 2135 766 3796 4818 3059
4127 2658 3447 4001 1542 3449 4448 4829 5069 3976
4134 5079 2693 5022 5817 6620 5697 2328 4221 2565 6577 5531 5103 5524 6270 4967 6896 5543
4138 4136 4228 1211 3660 2713 306 3478 3456 3724 2967 2326 2565 4191 2689 3635 3601 4223 4255 2842 813 2700 3973 766 4074 3032 3568 3851 4214 3806 2129 3865
4162 1549 2964 3026 2871 3645 2872 3949 3378 4039 3614 3326 3541 306 1319 1972 1492 2967 3454 3714 2485 3451 2859 4042 3682 3872 3373 4163 1305 2379 1608 2940 3458 3973 766 4036 3641 879 3724 3291 2297 3814 122 2719 2328 3633 2713 3276 53 4065 2326 2595 2981 4027 2565 3624 2972 2787 2653 2700 813 1688 2727 4056 68 4164 2688 2651 11 3568 3352 1137 3813 1024
4168 4167
4173 2974 2778
4175 2523 5862 854 1800 2744 1051 5936 3345 427 5189 3642 2667 5684 5123 395 4409 6013 5940 2972 3366 5819 3449 5827 6014 4967 2686 6018 6015 766 5051 5531 4036 1055 3728 6019 2485 5714 6016 4045 2542 5697 5053 4712 6017 2688 1133 4718
4179 2707 1748 3032 3541 4076 2688 2967 1384 2651 2256 1051 1151 2871 3752 2356 1385 3641 14 3813 996 2379 2715 2968 2713 1549 3645 3452 854 2565 4177 20 3352 3872 427 2297 2842 2991 334 395 2700 1374 4178 127 11 1585 4042 1592 3388 3724 1075 1127 946 1972 3192 1522 3714 4175 3949 3785 2135 643 1594 1688 784 3458 2485 813 2120 3973 4123 291 3631 2964 2940 2653 4027 766 4144 1383 3666 2196 4174 2326 2859 2323 3168 68 3373 3478 3615 2595 3568 2693 4065 3451 3378 3454 4176
4181 2713 3819 2256 3399 4180 2326 3631 2967 3417
