415 109 1555 1919 47 1482 26 306 1769 57 47 2005 1700 154 644 1538 2001 1151 38 28 56 140 1661 6 1522 39 42 1319 1037 978 1717 35 414 24 173 296 62 86 826 11 1997 407 1608 1622 280 1891 1350 1615 1129 546 29 993 922 1585 1428 788 228
417 710 3536 2790 2118 1190 659 166 2326 447 3028 2913 2967 308 838 3325 1037 2594 2688 1055 127 2686 3009 193 2658 3553 784 3439 1142 2323 546 1320 2659 2565 59 2297 3550 1647 941 2016 3189 2411 2653 3352 3005 2599 1297 2542 3551 1972 3333 1097 1034 2694 3379 2651 275 3391 2230 1549 36 1390 1319 15 788 1357 956 2660 2713 1496 2474 90 974 852 502 3552
419 374 26 78
421 6 78 59 8 26 247 48 9 280 14
422 35 417 8 21 280 78 6 25 41 26 72 247 27 14 223 9
425 1142 996 2935 1236 308 2925 826 2831 1691 1374 1471 1132 1820 403 1585 1305 1024 1991 644 2274 20 1730 1247 2791 784 2646 2565 59 2474 2256 1473 1592 1183 1357 2768 949 2297
427 26 47 12 14 27 9 424 6 129 177 425 182 202 71 72 423 36 8 223 426 20
428 28 132 424 282 140 325 236 8 47 78 247 86 12 46
429 306 759 310 20 691 317 11 722 432 590 269 319 178 18 312 21 110 266 836 650 407
431 59 36 430 127 136 9 72 11 426 26 417 150 410 341 47 78 140 8 46 6 280
432 12 255 1367 8 6 1365 626 999 635 1111 312 310 1292 72 371 701 259 769 12 371 310 176 1046 173 1075 192 707 1006 1160 844 802 10 11 251 1062 879 1137 556 143 713 72 759 311 813 1204 615 317 1055 11 171
433 27 280 26 8 78 432 426 410 21 417 80 6
435 417 140 6 434 29
439 913 586 25 138 166 788 644 321 339 6 823 730 722 371 912 317 348 663 914 689 306 312 639 738 36 308 911 633 556 21 55 311 255 28 193 659 736 204 231 908 90 351 336 319 130 695 310 340 733 269 87 29 154 226 813 626 896 86 126 113 909 139 9 80 71 11 910 600 8
440 6 72 139 426 33 8 14 269 11 9 340 138 406 282 136 560
447 6 722 173 280 71 371 21 47 126 795 20 55 308 74 911 708 310 312 317 86 311 788 1011 769 742 789 265
465 3084 2065 2356 2871 1922 3527 44 3007 3172 2700 36 3488 1297 2594 3815 2651 3806 3910 3799 2398 3028 825 1151 2968 308 1808 20 2485 3724 3802 2237 2328 68 2790 11 2411 1813 988 3642 872 2686 2565 3911 3630 122 1549 3659 3555 193 3127 1522 3622 3647 3404 3562 3709 1972 24 3909 3055 3641 3798 2713 3615 2688 3352 311 1583 3394 2297 2440 1127 1734 166 3010 3291 3614 21 2872 237 336 3912
477 104 476 107
488 311 650 310 25 312 600 8 11 853 326 317 125 321 74 816 280 315 55 28 138 21 110
