506 8 454 838 11 426
514 509 72 489 11 76 8
515 56
517 426 111 215 454 31 9 49 83 107 101 32 125 211 516
524 521 426 519 113 445 523 489 110 520 29 522 8
538 29 33 6 426 8 440 86 14 406 12
545 166 1297 312 25 42 1141 334 171 457 1296 33 659 1022 1135 479 1038 317 647 87 35 1248 920 978 844 75 308 1129 634 921 1221 187 24 1246 1245 708 47 1133 959 1294 11 1201 89 1234 788 1290 1295 852
549 695 23 25 18 39 542 11 231 87 36 269 55 644 201 706 530 326 154 773 312 86 774 132 488 732 71 775 42 306 339 614 415 600 255 310 192 652 736 6 29 733 10 308 90 764 151 776 21 179 479 673 57 59 193 127 8 24 766 75
554 3593 2906 3594
559 11 90 143 1761 769 820 1730 1605 1350 1374 1428 1538 457 171 560 432 1352 1506 1202 916 1386 230 813 1608 1127 1615 904 1732 316 9 1487 173 1760 870 749 1762 215 1594 1099
560 9 412 416 6 406 8 178 26 440 553 80 554 555 11 282 296 231 138 71 557 237 426 25 4 559 339 14 558 556 383 100 24 36 325 399 47 90 173 15 499
564 48 282 46 20 8 42 178 14 340 12 19 59 71 86 255 26 6
565 1016
566 150 143 138 282 6 27 26 78 72 280 46 8 426 306 14
567 150 280 3 152 78 143 26 255 345 572 27 6 574 20 570 569 573 568 14 371 571 426 282 306 8 72
