4349 4344 2298 2565 3615 2326 3026 1697 2258 2587 4307 4340 2713 4343 1549 3724 4341 2968 4273 4148 2842 3402 1506 2144 3631 3787 3728
4351 3456 2859
4355 3459 4967 3453 4550 2565 3447 5190 4448 4653 2001
4359 4142
4361 6766 4632 5189 6270 5821 5524 6624 5446 6032 7344 7121 2972 1608 5822 6906 2249 2001 6619 2565 5454 7327 6461 1374 5254 457 6272 5811 6305 5806 6789 6615 5179 6934 7343 7342 6991 5103 4662 6280 4899 3642 5773 2452 7052 6714 4099 6563 5423 7188 2542 109 5028 5079 434 6907 3456 6299 6555 6443 4832 5445 3787 4712 5246 2371
4365 4065 3009 2713 2237 3479 3366 2859 1550 3787 993 3615 2747 3107 3660 2651 3439 2560 4001 3291 3661 2565 3168 3488 306 147 335 2699 2134 4213 4124 2298 3645 2660 4360 4363 4342 798 4362 1236 1133 2375 3956 2932 122 1608 2707
4373 3568 3660 20 3032 425 2859 4344 1680 3554 2658 308 4273 4370 2660 1356 68 784 4368 1701 150 4315 3202 2932 4369 3777 3630 3724 3635 2326
4384 3787 2559 122 3168 4382 1151 2145 3189 742 1247 3813 1990 4324 798 3660 996 1550 3767 3456 4381 2565 2485 4379 2375 3521 3026 1730 4074 2832 3032 994 3635 3297 2747 3615 4377 4380 3028 2688 2217 3666 147 3009 3724 4273 2842 2326 11 2775 4378 2713 187 2215 2560 4375 805 795 784 1608 1133 2290 3956 3352 2237 988
4400 5184 996 4846 2297 2958 4040 3641 3010 1847 3453 4899 1496 3352 5176 1133 2323 3519 4829 4310 4077 3728 3109 789 5296 5079 3614 1210 27 5381 5029 2504 3601 947 457 5386 1549 5106 634 3009 4151 1111 1142 766 4653 432 3787 2599 2688 5385 4600 5150 5295 2651 4364 1470 2440 3402 4550 2256 4297 1522 4792 4441 3191 4191 122 2972 5203 663 5020 4070 3447 2565 4353 4219 5110 5246 4398 4073 5002 5282 4967 2145 3459 2276 2410 5387 3394 2118 5190 4355 4276 2790 5189 87 4948 2871 5243 4566 4488 5384 3452 4438 5382 3449 5380 749 5155 4448 449 2727 3456 3092 2387 4715
4401 6951 7047 5079 6766 7744 8085 4598 1098 7086 4398 5378 6380 8005 7733 7884 2565 5859 2223 7057 7053 457 7391 2452 7685 5697 8047 6596 5818 5814 7386 7280 4948 8222 7901 6218 4219 8227 8046 5802 109 8211 737 6736 6560 5103 4795 988 6907 2658 3297 4441 3586 4383 7198
4402 4398 4397 3456 2326 2859 4395 4322 3560 4396 4317 4074 813 4324 4393 3394 4394 4137 4127
4412 457 5531 136 1762 3724 2411 5697 2859 5823 5811 3454
4413 3777
4417 4412 11 3453 3659 4045 3777 2713 4320 3645 3456 2707 1133 3541 2658 798 2298 4065 3032 4416 2688 4415 2264 4074 3615 3352 825 2565 3457 2326 3728 3568 4138 3806 2237 4211 122 4414
4422 4070 4151 3449 3660 1133 4111 4214 2646 4138 4464 2237 3352 122 2713 3479 11 3645 1151 1814 1542 3445 3666 3724 3624 2707 4465 2967 1006 3457 3456 4065 2651 3615 766 1492 3009 4142 2972 2565 2832 3451 3614 3917
4424 1210 2964 3291 3777 2832 2651 546 3631 371 2660 1133 1835 4065 3452 4074 3541 3724 2237 2129 3813 2713 4138 663 4127 4111 3456 742 11 2658 2364 3659 1043 1522 3691 3032 3394 127 993 4214 1468 3258 1748 784 4056 2688 4142 2145 2565 3168 2326 4070 1128 3188 4325 1132 996 2109 798 2298
