820 996 427 72 633 304 280 312 173 47 6 317 147 763 177 86 90
822 39 820 813 812 319 334 821 11 818 663 139 12 8 819 339 312
823 371 317 643 42 705 956 639 201 173
825 3541 2859 2654 3720 2485 3562 2940 856 3010 4065 2674 2252 4036 4037 4098 2972 2217 3798 2871 3812 2967 3661 3168 3624 4073 3646 2290 3814 3659 4096 2686 3252 122 4099 1838 3469 3326 4097 4095 1594 722 2102 2653 2504 813 1813 2999 4042 3470 1972 1024 3394 3641 2328 3192 11 2842 2964 3645 2660 2488 805 2234 3786 3317 879 3724 766 3026 68 3352 2560 1688 3482 3655 2135 3454 3965 1075 2356 1305 4039 3521 1133 1549 1496 2326 3615 2651 2411 2746 2713 3439 2688 1166 3568 3199 2707 2700 2297 2565 3028 2619
826 1423 1167 311 993 922 1492 6 319 1305 1424 11 1350 457 1377 871 1374 1055 1483 1293 1279 1233 825 317 686 943 766 707
827 2790 3682 3568 2326 3258 2290 265 3394 2256
829 769 499 831 800 830 590 334 815 341 29 802 816
836 1386 1896 993 1006 647 1621 266 1614 215 1151 1608 1428 1997 1772 1919 1062 1837 457 11 1395 1868 173 1135 1838 2062 1848 706
837 87 21 41 429 151 110 312 432 166 11 29 840
838 848 46 730 315 20 801 334 845 29 166 637 12 742 424 847 762 412 111 312 113 308 36
839 312 838 432 334 110 11 429 837 335 722
840 7063 1374 1210 3293 3642 6913 6907 5531 6560 4422 6784 6618 5038 6790 737 5173 6784 5524 5811 1549 2565 6525 6218 6486 6525 6229 5173 4666 2565 3642 5254 4437 4455 5002 6360 6991 2677 6984 1395 2677 4422 3057 4967 5482 5800 29 7052 5773
844 319 634 312 618 72 46 371 412 236 843 310 432 600 407 663 308 722 315 36 842 317 838 47 110 11 266 789 8 178 151 311
849 334 312 664 467 317 113 556 138 36 862 24 371 11 127 873
852 4076
853 42 650 1204 308 1278 1075 173 1160 270 35 556 346 634 58 1285 1286 663 24 686 259 1114 1305 935 795 339 842 600 1062 11 171 317 1259 20 707 21
856 1885 2473 766 2660 3125 457 1360 2371 2707 3095 1662 2883 3026 2565 1169 1749 2251 3239 784 988 2225 2472 2594 2690 2822 2693 2674 3020 3062 2688 2978 2240 1814 2651 3006 1200 2964 3209 2790 2365 2274 1374 2696 1367 172 1305 2618 2737 2485 1549 1537 3196 2299 3159 2236 3032 122 2560 1042 2686 1097
857 1003 306 43 705 766 853 981 852 46 838 236 637 310 41 645 766 308 157 192 844 9 25 1013 1034 663 16 312 985 232 1167 704 317 1164 371 659 311 224 151 982 310 851 53 111 176 870 1165 1032 9 871 78 1006 47 742 1166 946 704 732 80 424 79 789 956 315 1064 317 110 128 674 313 457 315 805 635 16 11 645 618 715 327 556 138 232 970 710 647 29 173 993 789 784 36 633 6 971 707 12 24 154 312 111 11 254 844 6 319 168
859 2255 725 2328 1836 1542 1608 1919 110 166 1749 813 1500 1803 1193 2197 113 2072 1549 2427 1297 988 996 2133 1037 311 1977 788 36 412 2274 1811 28 697 1098 946 650 94 704 1124 1151 2233 308 600 588 11
861 1601 173 941 1253 311 710 707 1305 432 1492 1395 1471 1589 312 1606 922 686 1006 20 1607 870 36 457 59 308
863 339 317 788 639 888 891 11 556 645 138 592 854 29 74 637 644 691 151 6 635 24 306 742 695 110 633 334 889 890 887 315
864 663 312 28 74 79 813 838 25 315 20 334 241 8 255 317 11 432 600 254 128
866 838 643 27 312 736 865 8 29 11
868 113 8 9 312 867 853 21 371 110 77 306 29 11 412 650 138 769 317 663 797 432 310
871 6 1377 1501 993 663 1165 11 1142 311 1006 138 805 1279 21 310 826 457 1424 1290 176 766 1522 1167 971 1470 1151 1193 1236 1055 1483 922 1029 1510 313 1293 1357 813 816 173 1202 1380 1241 317 1441 45 1471 1521 1492 143 1291
873 704 2072 173 1997 172 315 2163 993 2176 1542 1428 2062 1967 2172 11 457
878 29 311 876 749 48 317 172 306 348 39 832 308 663 371 310 151 600 705 86 766 79 319 556 182 312 813 877 255 8 315 11 674 77 838 649
881 110 371 848 315 880 306 23 37 620 72 254 312 762 11 879 8 339 6 838 663
882 29 848 649 869 838 312 223 11 8 110 620 795 371 865
885 340 600 838 742 157 11 650 371 72 334 312 315 8 111 339 6
887 173 143 1487 1279 1357 1193 1594 11 1129 789 1135 795 1424 663 24 1483 1608 1547 1555 1496 1549 317 634 946 151 922 769 1394 993 171 982 311 1492 1428 16 1202 1166 1650 1221 870 21 1203 1470 813 312 826 1615 1352 41 1623 1386 1137 501 407 290
893 157 742 553 86 310 771 865 633 6 469 311 351 814 424 315 722 15 312 499 339 259 769 21 555 770 9 24 730 695 848 263 759 892 74 789 556 763 600 11 41 788 127 334 626
895 321 29 308 556 600 182 697 178 11 6 564 28 173 795 71 216 151 339 865 315 439 154 650 762 24 730 74 674 432 59 371 269 618 794 110 128 306 36 311 254 312 788 317 759 86 111 139 130 722
896 3498 4065 2972 762 5123 2369 2744 4781 5182 5624 3449 5967 2686 5934 3642 4967 3813 1480 4717 5399 5796 5427 2693 5932 1041 2680 5819 5938 2276 4530 5644 5999 3458 306 5871 5787 5180 5254 5714 3378 4828 870 5531 6000 3452 1374 5997 5998 3007 3995 5263 3614 4073
897 882 23 556 6 896 371 312 166 110 865 770 862
