7225 3787 6072 7057 6702 5295 6555 6907 7183 7593 5932 1009 6914 7280 7595 3456 5806 2565 5173 3642 7227 7046 5998 7092 7594 5102 109 7080 7378 5524 7400 7415 7052 6624
7233 2003 8152 6305 4948 7902 6889 5524 3571 5103 6563 1374 7861 8173 7877 6032 737 7727 8204 5179 6596 3642 7774 988 4764 68 7056 7237 6907 4140 7901 7928 7280 8203 2658 4040 8171 7047 8205 8202 7052 7865 7057 5188 7772 5802 7086 7391 2565 1098 5814 8047 7238 8036
7237 2658 5655 5179 7391 6993 3381 7231 4310 4437 5776 766 4211 5103 7113 5524 4712 6907 1549 7471 5810 7455 457 2565 6916 7055 7376 6714 7239 5822 7057 6619 7052 5952 7225 7379 7086 6241 6486 6320 5814 7279 6804 7092 6902 1374 4483 3457 3586 6624 5802
7238 8050 4441 6618 6596 8264 8266 7833 4488 8047 7241 7677 6550 7865 7676 5819 7421 8265 6443 5173 766 5952 7744 8036 7727 8211 457 3453 5800 7679 4948 5096 5079 4310 2565 7043 8190 7057 7086 6032 5822 2369
7257 4527 6620
7262 5800
7277 7790 742 7792 7666 2565 3274 5827 5524 4310 7295 5802 766 7449 7789 7227 6596 371 6241 7679 7047 6020 7755 5800 6993 6934 7791 6460 1098 7231 7281 1151 2940 1374 6518 7056 7747 5915 4771 6305 7080 7767 6914 4717 2560 3787 7378 5445 7055 7049 3084 4441 2619 5775 7280 2120 6624
7279 7449 7380 7481 5816 4441 6619 6993 6772 4524 4948 6272 2003 6518 6657 5196 7080 5543 6907 6615 5199 5446 72 4764 7421 4992 5761 7413 6595 3381 7121 7086 457 199 5173 5215 7055 1813 6916 2658 7480 6618 7052 4879 7241 5524 2369 7057 5998 6758 6784 5806 7239 6563 2565 5988 7231 2145 6305 6900 4712 6714
7280 7047 6494 6043 7443 6006 7057 3787 5445 6993 109 7231 3084 5998 2565 6068 7767 7679 4792 5820 5102 5524 7150 766 7390 6624 6020 5800 7279 457 4065 6596 7386 4040 6032 6907 5814 7490 7056 7132 7661 3381 6241 5802 7131 6615 4151 6520 4441 4483 6618 5106 6941 7092 5915 5103 7045 7049 1374 1151 7080
7295 7327 1374 7330 5741 3642 7045 5079 5103 4632 5817 5806 6714 6615 6305 6959 3381 5524 2565 5173 7329 6299 6906 6991 2249 29 6619 6971 5800 6993 5811 7281
7297 5106
