4600 15 4824 5189 3321 1644 2444 5029 2237 4353 4550 3057 3026 3181 3378 1549 3728 4739 4838 2967 5166 5474 4952 3812 4653 2760 4854 1285 4036 1823 5488 2688 4894 4829 3449 5485 4846 4151 5482 4843 2819 5190 5490 1972 5486 789 3035 5162 4276 4850 5263 4310 4849 4899 3666 1395 766 5188 2384 4948 1614 3459 667 3519 5400 4840 3094 2988 1374 5491 3456 2387 3452 457 3641 690 3191 5483 2765 4355 4219 1267 5181 4442 3208 3402 432 2667 2485 1701 3479 4967 4844 5184 5484 3614 2972 5176 1133 3869 4338 996 5313 3498 5489 3192 5179 4938 5487 4138 5478 3453 2565
4604 4981 2186 2775 5998 6243 5697 5188 5166 766 4967 5934 5002 4065 1608 68 1972 2542 6359 5802 5857 2328 2688 5810 5531 4673 6094 6596 6504 6346 5103 3642 4964 5140 2972 5796 2135 5696 5524 5816 5022 6561 2297
4605 4603
4613 4065 11 2557 2972 3454 4612 3461 457 879 4440 3453 4564 4441 4219 2576 1286 4273 2485 4151 1184 3276 2237 3352 3796 3902 2859 4152 3456 2935 3168 2565 4045 813 2660 3463 68 3315 4077 4347 4547 4044 3462 3449 2967 1542 4426 766 3787 3450
4620 4619
4625 4671 4653 5794
4631 3449
4632 7086 4310 319 335 4653 6624 6914 7117 5342 1549 6627 7239 5002 6714 2565 6156 789 4992 4846 3641 6993 5771 5524 5200 766 7092 7052 6241 7057 7236 1530 1811 87 7518 7379 1835 2481 3586 6555 6946 1098 4369 6900 737 5872 2658 4864 5802 5531 6907 7171 7055 5053 109 7231 4813 1374
4639 4639 4638
4645 1542 5152 5139 1470 4653 3876 3172 5153 5151 5110 4335
4646 2774 178 1542 3449 4645 3450
4648 4547 2859
4653 4483 5002 5142 4964 5179 766 4974 4138 5474 2237 5189 5194 457 5482 5028 5659 3447 4948 4355 5203 2565 3453 5060 759 1137 4310 4967 1042 3449 1807 4792 5553 3796 4824 3175 2909 3390 2696 2371 3916 432 3614 5661 2988 1549 4756 4041 5174 3032 5188 4795 4550 2889 5630 3498 5029 3641 2972 4846 3456 5190 5534 5427 4335 4536 580 5301 4036 5655 5079 3854 5175 4718 3748 3452 4221 4652 4632 5050 2605 1374 3794 5020 5658 5344 5484 5176 2688 3666 813 3568 3350 2387 4686 4982 5184 5312 3995 5656 5171 1151 2967 3459 4894 5181 5623 5660 2485 5657
4654 3447 4982
4661 766 3447 2587 3032 3479 4686 4485 4269 704 4261 3787 371 306 4489 4687 1542 4689 4379 3835 3522 3453 2972 4429 4219 3433 2859 3922 4211 4560 2688 2967 582 2565 4663 4682 4653 879 11 3796 3631 4588 2135 697 2109 3455 3452 4045 2981 996 2932 4377 4433 3276 2237 3449 4688 138 1184 2935 3451 291 4511 1549 3666 4446
4662 3453 2696 3350 2981 3454 3639 3479 4688 879 3969 766 2935 2871 4261 3902 3568 3460 582 3451 1133 2565 4099 2972 2547 1286 4661 4076 11 1799 3641 2688 3447 291 3326 4211 4587 3463 1980 122 4219 4001 4151 2967 4433 2651 2237 3449
4666 3615 3455 4222 3666 3381 3009 6913 766 5059 2001 5572 1098 3168 2972 5176 4536 2237 4046 5816 4547 7079 4967 4662 5188 3796 4310 6620 5800 4667 6619 1549 1166 3658 1542 582 3454 4828 3449 5487 996 3787 5571 2967 432 5179 3447 3991 4633 5499 4065 4138 3032 2565 2623 4363 457 291 4632 2565 4948 4151 5998 5524 5515 3666 2258 6618 4437 4152 4045 4329 996 1374 4669 3449 4550 6613 4361 3498 3447 4310 4717 4662 3168 5190 3175 3785 5103 4426 2677 3447 2485 2667 29 5802 4792 3902 5382 5263 4045 4670 2109 7080 4795 4669 5079 697 4632 3614 1542 4828 4669 5582 4671 5162 689 6272 4668 6991 6615 103 5697 3787
