4432 7241 2983 5818 2485 5524 8107 2369 7086 8047 7902 5922 1286 8046 6907 7238 7280 4364 6596 3032 8050 5173 7047 7901 8242 7744 6032 8241 5200 4795 6951 3142 6875 3088 270 2851 737 7733 7856 4948 8085 7772 8243 2565 5857 8211 5814 988
4435 7835 3586 7766 5524 766 2565 7049 4347 6212 5802 7231 5915 6560 7047 7856 7578 6993 4948 1151 5775 7052 4632 311 1691 4441 6918 110 6020 6596 5487 5969 5920 7376 2689 2658 5103 6624 1374
4441 457 1762
4448 5140 996 3634 1972 5285 4726 4441 5155 3624 4587 5317 4073 5189 2118 5315 4948 5255 5313 5079 4846 5217 2651 5263 4353 2299 3995 2972 3658 4653 2693 3026 5190 2001 3568 4077 2369 4070 3092 3519 2237 3449 2688 1075 457 5200 4310 4468 4899 4964 4335 4550 4355 5314 3447 2565 4008 3453 3366 3404 3459 5013 3614 5002 2387 4894 789 2585 2883 3456 4068 3812 3666 4828 4576 1374 4967 5110 766 1133 1542 2790 3352 4212 3274 2135 27 3691 3417 3350 4564 3843 5316 879 5184 4717 5142 4829
4453 4449 3258 2565 87 1717 1051 2237 766 3521 3026 3960 2559 3762 3456 4363 1041 4056 2967 4138 2688 1767 2972 122 68 3449 3731 3032 2547 3635 4450
4463 3453 4363 166 1193 2932 4065 3615 3402 4460 2688 1133 2542 3645 3454 3449 3660 4199 2713 2118 4127 825 766 3571 3258 3813 4222 1496 2129 3560 4461 2047 667 1748 3456 2565 2658 816 4045 4458 3724 4138 3378 4329 546 2109 3460 3168 2237 3034 4070 3956 1228 879 4459 3992 4462 2707 1549 4147 2135 2859 11 3728 2951 4056 2660 1285 4151 3032 1179 2912 1236 2651 3806
4466 291 2935 3449 3463
4468 5079 2859 5155 4748 2326
4471 4470 2658 310 2240
4480 3731 2535 4475 4474 1375 2379 4066 4473 2326
4482 4070 4632 3352 3796 3449 4653 4828 4970 3453 310 2972 5155 3209 2565 3995 2871 4899 1133 4948 2549 4441 5020 4829 766 2688 2658 1661 789 3521 3614 457 5184 2609 4976 4967 3404 5140 4718
4483 4967 4441 5697 1098 3614 3456 5802 4899 5194 4221 6325 5524 3458 178 5817 5199 4717 5804 4587 4673 457 5110 4212 1542 6006 6326 5079 2988 5189 5818 3447 5708 5103 4894 3274 36 1796 5171 3041 5423 5796 5177 2686 2328 5002 2605 4099 6243 2667 5185 4712 3586 3642 4071 5543 6383 1701 6286 5301 4632 5684 5188 1166 3449 3479 3032 5981 109 4310 5125 6323 3568 5961 3787 5179 5691 4355
4485 3449 2972 1542 3615 2747 766 2651 2688 3453 4232 1985 663 1133 2504 3917 4065 879 3624 3028 4044 3463 11 3798 4482 4483 4335 3352 3958 3521 2145 3454 2713 2237 4194 2565 4098 2832 3496 3274 2967 68 3103 2940 2485 2660 3456 2842 3969 4152 3897 4045 3479 4429 3854 3108 4138 3660 3469 3560 3350 3724
4488 3642 2688 5524 5022 5543 6736 6649 3381 4036 6522 6359 5811 3641 5439 6615 5188 5531 2565 5697 5048 3453 457 4967 6772 5185 6458 5802 5818 2988 6867 6047 5796 6123 766 4828 4764
4500 2326 2859 5396 5421
4507 6541 7900 5667 7092 5022 6916 5524 6523 5102
