1969 1496 1838 1962 1555 1098 1538 1492 1230 11 109 1734 546 1482 1537 1967 1585 1892 36 1470 556 1594 710 789 1350 941 1352 1608 1615 691 407 1808 24 304 1700 1489 766 1549 1319 457 1564 805 1487 312 1151 1968 1395 1717 1428 922 993
1970 826
1972 4041 5816 6323 4967 5822 4748 5079 5188 3453 5196 5177 6394 3457 6023 634 5805 4813 5802 6462 172 5697 457 6517 4045 4899 2135 6248 5696 2831 5185 4960 5531 4441 4673 5524 5582 6305 6428 2972 1542 1074 3642 1166 766 4073 5189 6504
1973 1428 11 1811 784 826 1487 1538 1585 1236 1319 546 1838 922 1098 290 1717 311 1495 1972 1608 1757 1919 128 1847 1622 244 1350 457 1352 1241 1555 1395 556 1549 1615 1496
1977 1919 290 2294 2292 1608 1918 2062 600 1470 2072 2063 2289 1111 1135 2133 1707 1353 1151 2169 1966 996 1594 1756 11 1549 1976 1925 311 1291 1997 1888 310 1678 2251 2293 2291 2130 1772 1378 173 24 42 1808 1166 2116
1979 1594 1480 1395 1428 310 1487 1962 546 904 1608 1585 1621 1352 1751 1717 1246 695 1151 1473 1203 11 457 1549 1919 826 922
1982 2565 6772 7086 7409 3380 6990 5811 2658 5179 3787 7884 2790 8173 5773 5697 3227 7733 6620 5173 7862 4948 7378 7810 6270 2983 7225 7080 7062 5871 7421 4536 5179 7544 457 6951 7774 3456 6327 3642 3634 6949 5177 7391 737 6615 4989 6272 7057 7266 8047 7047 6790 6272 6993 7744 3142 2440 1796 8213 6032 7056 5819 3665 988 6032 7294 5246 6305 5439 6991 6774 6736 5796 5697 7675 4040 4795 2688 5802 7449 8152 7357 1098 3642 7755 7092 4781 6305 6218 5524 7772 7902 6563 103 6 7727 4441 8088 109 5824 4828 5022 2677 7901
1983 1608 1006 1615 1925 1284 1765 1919 173 695 47 11 1428 742 1151 1166 1395
1984 1133 3461 4640 4127 4044 4511 3450
1985 173 2062 2213 1700 1868 1006 1166 1151 1352 1062 1621 1986 2072 1919 2212 1428 1608 1395 2214 11 1549
1987 1549 813 407 1230 1986 993 1717 1284 546 11 24 1962 1608 1919 1792 784 826 1480 86 1615 1166 1614 1319 1395 1985 1352 1368 457 1583 1428 704 1621 319 1487 1772 1492
1990 2654 11 4141 3180 3630 4062 166 3917 766 3956 2660 4352 2485 4074 3394 2658 4138 3568 4063 3456 3615 2660 2700 2842 3394 4142 4353 3624 546 3729 2842 3057 3660 2659 4351 3352 1133 4124 3479 3200 2411 3402 2411 3276 4065 2326 2940 2237 3709 4354 2651 3483 2290 1967 1549 3454 2981 2693 2790 2972 4211 4073 4189 2713 2542 457 2565 4148 4001 2565 2328 3614 1522 3562 2297 879 2134 2940 3010 556 3724 2129
1991 1608 1098 1615 813 457 1838 826 2072 1374 1137 993 1151 1210 1487 2077 2062 1552 173 11 319 1086 2001 1441 1997 407
1992 2510 1772 2071 1098 2647 122 689 275 2256 1395 1419 1463 1985 2507 2328 813 2605 996 2322 1319 376 2272 2093 826 255 1820 2677 2672 1125 2343 1335 311 1381 1480 1838 2598 766 1125 2473 1700 1891 1614 1564 1521 2618 1772 1390 2435 2156 2674 1492 1922 1549 722 2365 1166 2225 1210 1622 306 1151 2675 1808 1991 2411 1124 1608 764 2085 1062 2241 861 2254 1042 1571 2009 2128 1783 1496 2133 1564 2676 1918 310 11
1997 1032 996 1111 1395 2120 1608 922 42 173 975 2282 993 11 1202 1919 1977 904 2214 2159 1353 2169 407 1644 1985 36 2062 1135 226 1098 1492 275 311 1670 1931 836 2286 1772 1521 650 2287 2285 1542 2072 1151 2241 1549 2084 1749 2088 1489 1701 1783 2099 1166
2001 1814 3642 5176 68 1151 2688 2972 4353 4338 766 5691 1374 2576 3601 4981 4948 3015 1811 2120 4036 5196 5531 3453 3478 2605 2651 5427 3456 4355 2594 5179 950 5118 4899 5079 4276 1549 5495 4967 4824 5190 4070 4310 3390 4756 3498 3976 5180 5733 1496 3728 5487 457 3449 3786 5419 5189 4718 3522 4138 2831 3614
2004 42 11 1982 2001 1326 1808 319 280 1925 1151 1185 308 457 922 1473 1352 1997 74 1644 1948 1717 766 1977 1428 556 1608 290
2007 900 1166 47 11 1919
2014 2237 4355 1133 4760 2135 3815 2658 2485 2565 4899 4687 2009 66 3060 4901 766 1267 2688 2012 2369 3455 4065 4900 122 4893 3462 315 4547 2967 841 3456 3787 11 1729 1336 3449 4077 4756 4688 1132 996 3917 103 4898 3454
2016 2411 822 1795 2565 1549 1639 3144 813 2940 3379 3087 2700 988 2560 2651 2985 865 2686 826 2688 3396 172 3108 3033 766 3536 1267 2871 86 1381 3059 2237 2819 2674 1305 1151 1730 3381 3349 2967 2713 1132 2114 3026 3439 1098 2653 2326 2703 3031 147 1885 3535 2842 2542 2485 3192 14 2506 2988 1972
