5335 1542 311 2225 122 4550 896 1051 3641 4829 1133 6024 4748 3449 6263 3191 5553 457 5427 3456 3456 1374 3614 5190 5184 5531 4967 5966 2694 2688 996 4632 5818 5524 4828 1542 6281 6280 3666 1639 319 2565 3402 3666 5286 4948 3478 5608 4353 4448 2688 1132 3449 3352 5189 5332 5612 173 3691 1697 3381 3658 3417 4632 4966 3390 3835 5179 3586 311 1608 339 5189 789 4894 996 3642 4353 789 5914 5022 2972 457 5110 1127 4967 2699 6248
5341 2384 600 4600 1717 5078 3728 1353 1075 2765 2033 3191 5110 2009 3786 1549 3417 5336 24 2387 4938 5337 1972 1614 1374 339 3658 1937 3449
5350 5020
5354 5354
5364 3352
5368 5020 5079
5375 5370 5371 5372 2316 4818 5373 3495 3425 5374 2321 2369
5378 8107 7386 8232 7675 7043 5819 7284 4441 3380 8231 3142 8046 5185 7053 7578 7393 7086 58 8053 7901 2249 8047 3787 457 6907 5201 8051 6900 7282 5432 5524 7772 7047 2452 7865 2565 2658 6596 8048 8233 4948 5872 7449
5384 5531 5173 7122 3872 5807 447 5582 1416 425 6220 6613 3593 6360 6915 7100 4046 1374 6620 5524 6510 7110 3642 3381 5802
5392 4829 5380 5160 5189 5155 5360 2109 5176 3787 5190 4144 3601 4550 5390 2565 996 87 5381 3402 4967 3453 3794 766 3960 5246 2688 4898 5324 4077 2001 3191 122 2972 4553 5191 1374 4948 5184 3449 4899 5110 3806 2387 1847 4353 4488 4686
5393 5079 5524
5404 2691 59 3292 1305 6305 2145 2135 4964 4632 6619 6156 5173 5002 600 7052 6615 3642 1542 4632 4967 5022 6624 5802 2145 5524 1041 5531 4686 6126 2249 6157 4310 4269 5998 4310 6833 4598 4915 109 2605 4040 6560 5189 4459 4441 2707 5079 2972 5262 5179 3641 3641 4988 7086 2369 5179 6907 6486 1374 311 5616 5796 457 2790 68 2565 5827 4045 127 4036 3691 6155 4828 766 6906 5189 7220 29 5301 3449 4924 4686 5217 5796 4045 6714 3593 737 1200 4433 6885 7104 2186 3813 6934 6620
5406 5524 4795
