3854 3748 2557 2871 3454 4682 1133 4814 3449 789 2967 4688 1137 3453 4967 3452 2972 822 3059 4966 2935 3969 4965 3614 3796 4964 3794 4547 3378 2696 813 1566 4045 2653 3660 4429 4746 2989 3026 4073 319 4963 3390 1204 4536 24 3641 4898 4065 4255 766 2485 4044 457 2651 2565 2688 4859 4937
3871 3301 2237 3686 2009 1608 3678 879 3633 2565 2967 3035 3557 122 1132 643 2384 1169 2326 3541 3870 3010 2699 3188 1319 2872 457 3208 3417 3869 3032 11 2713 3457
3873 5531 3642 5189 2488 2135 5822 5103 5697 5934 6020 1215 6242 4828 2456 2972 4764 3458 749 766 5696 1247 3586 3449 1717 1133 4065 87 5524 5589 4036 6239 5110 2145 4781 4632 5818 5810 6075 3381 5806 3813 2258 5166 1542 2688 5439 1166 5487 5301 1063 3456 6241 6240 5427 854 5935 2660 5563 1164 5179 4587 5123 4967 5721 5543 5022 2988 3478 4712 5185 4045 4894 2485
3885 4879 7110 7055 6280 1291 4686 1151 4712 5952 6518 6784 3439 6772 6907 2972 7400 4036 2257 2658 5445 5806 6993 6624 3787 5196 5531 2364 7080 3691 6615 6305 994 2565 5524 4632 7231 5446 1879 5173 5189 6714 7092 4598
3887 2713 3526 122 3886 2699 457 1608 2651 3301 3527 3457 2326 3885 2565 1896 3728 1305 2135 3780 2356 3032 3648 1291 2290 1374 1984 766 2237 346 3010 3458 2660 3659
3888 2976 3870
3892 2688 2504 3275 2485 2003 1279 3386 2488 879 11 3457 87 1395 3556 3802 3175 2223 988 2016 68 695 634 3891 2237 2691 2356 2440 2713 2381 2623 3458 3562 3555 2290 2516 2838 2872 1947 3073 3084 3352 3541 1922 172 1463 2958 3301 2326 1151 2565 3659 1549 2940 3890 2328 6 311 3028 1835 2257 3026 331 3392 1885 1820 2747 3624 71 1972 3833 3622 749 1794 3888 1542 2299 1166 784 3889 2585 2871 3799 2506 2508 825 2118 1496 3519 2398 3527 3010 2700 3488 994
3897 5808 5243 5160 3614 1166 5813 3568 5807 4686 5020 1492 3641 879 2172 2369 5818 3350 5811 2256 3110 3571 5079 3666 5181 1381 4673 3642 996 3787 4041 1847 2612 4967 3191 3459 3456 4813 5815 457 5002 3995 5821 5531 68 4982 5189 3449 5323 766 3483 5697 5022 5800 4098 5823 1847 5439 2790 5803 4099 136 5524 3601 4353 3958 5089 5806 722 4441 3028 4653 5796 3666 4795 1701 5739 4077 3456 4795 1796 5160 2387 3404 4355 5562 87 2276 4530 3168 5820 5714 3458 2940 109 5798 3453 2001 136 3352 4542 2883 5233 2688 5799 5179 3586 1470 5816 5817 5812 4814 5579 4899 879 5801 5196 663 789 5802 4353 5184 5189 5176 3634 5805 3925 4099 4574 5600 4073 4974 5150 5079 5804 2774 1151 178 2988 3032 4219 2369 5200 4310 5028 5150 4712 5819 4045 5171 2765 3498 788 3958 2765 5110 5809 3969 2667 319 4576 1537 5810 3447 4082 3641 5103 5814 4686 5589 5608 4151 3459 3786 4967 4948 5822 457 3995 3634 4550 173 3568 5185 5797 3449 5423 68 1542 5177 2485
3898 4963 3454 4441 4748 4682 4342 3641 1137 4536 4688 2565 24 4044 4563 4986 2688 2118 4937 4297 3375 4564 4725 4219 2871 1133 4976 4944 3459 4044 4072 2326 2958 4973 2972 4065 3461 4985 3630 3394 2688 3455 4024 2369 1769 4198 3897 4859 2651 4045 2557 3614 3453 3447 766 3449
3903 2485 1473 2299 1549 3404 2237 203 2713 2504 2398 11 3902 3007 3026 2674 2326 3258 3028 2145 3615 3055 3127 2872 24 3458 2290 2686 1875 2688 2700 2859 2972 3010 2328 3799 3541 3172 3527 3900 1305 3084 3350 3901 122 1241 2174 3661 2871 1550 1522 3622 1221 1972 2653 2565 3175 1820 1151 2356 3252 2958 3110 2819 3375 2651 3647 2967 988 3394 2129 2542 3352
3910 2909 3447 4077 3786 5020 4726 3404 4448 5123 4748 24 3456 3191 5333 5110 4099 2981 3453 2387 4948 4355 4710 4632 3352 5184 3522 1847 3568 4071 5357 5356 3390 319 4964 3402 5296 3666 3452 4653 4899 4550 2001 1374 4967 3026 5358 1542 457 2369 3392 2693 5246 2565 3969 766 5286 3615 3787 663 3459 4718 3032 2699 1166 4040 5029 3092 3637 4276 2688 4591 825 1470 4353 3498 5140 3631 3614 5189 3449 2651 3417 4829 4712 2972 3982
3911 2651 3455
3912 3762
3919 5181 6486 5822 5177 6630 5524 6421 136 5697 2972 4673 4574 5185 5739 5079 4045 5193 5179 2620 6305 6217 5022 6064 6346
3922 5263 5896 4536 5691 3454 4795 3815 5022
3926 3661 689 1749 2688 3647 1767 825 3454 122 3615 113 2651 2326 2264 2504 2356 1097 1044 3527 2398 1608 2297 3571 3199 993 2872 2328 1210 11 3724 2542 2109 3032 2713 3633 3541 988 2972 3636 3175 1151 3394 2700 2565 3144 3842
