5002 2565 6241 5696 5015 5582 6907 5531 7335 113 6552 4829 4632 4045 5814 2565 4310 1428 5800 3447 7090 6598 1374 6727 6305 5655 6346 6946 5179 1542 5998 7614 3381 6398 3447 1074 4712 7054 109 6243 6510 6359 766 457 5796 7580 5188 6563 3292 4483 5697 4966 3786 319 109 6443 7132 3634 6243 7236 5932 6491 3787 5103 6618 5773 6784 1879 7601 7490 5179 6598 7057 5796 6518 1982 3380 5802 5800 6494 7080 7055 5177 6555 5188 7294 5069 457 6624 4221 6032 4981 3381 6596 2674 6976 6727 6714 5439 7104 2485 4441 7052 6486 6327 7092 5524 6728 5802 5177 3456 4967 3976 4564 6626 4967 3458 1098 6619 840 5069 7393 5822 3642 742 7564 1734 766 7409
5012 6612 6270 5775 4046 6945 1374 7100 5102 5811 6991 7080 4632 6229 5531 6360 3642 1471 4192 6620 2565 457 3527 5524 6619 3381 4795 3969 6906 5179 5173 6618
5020 5528 6943 2744 2145 6272 6299 3032 3796 5772 3691 5184 87 5262 3835 4792 5176 3456 3449 4715 5691 3452 5217 1166 2381 5022 5123 2535 2660 5203 3032 5050 4828 2875 6460 3456 5017 5179 5179 6510 3910 825 3910 5741 3447 3786 3642 4310 4632 5524 3691 5565 6595
5022 2851 5796 8085 3965 3607 5019 4219 996 1614 2223 2003 4632 1717 3378 7052 5812 4441 7980 7907 4099 113 3634 3381 8092 7080 2565 789 766 8091 2369 5998 7945 7578 3910 2658 5738 8061 7378 7047 5053 6174 7391 1051 5800 8095 7865 7903 7055 1667 7964 6914 6443 87 99 4764 457 6552 7679 8093 3642 7733 109 3614 6305 3498 3274 7092 7057 2549 6502 7153 7818 3258 5020 6941 6859 7727 2001 3641 7677 8094 6510 3631 7400 5103 7086 4792 3586 3787 2981 6006 6414 311 5189 7774 6618 2225 72 4036 5106 2444 3032 36 5697 5810 8053 7386 4401 3010 5806 5529 6151 5524 6494 6000 5179 1166 8096 7744 988 6907 7790 1385
5026 789 3456 4688 3453 2485 4219 766 3748 1922 5009 1133 3794 3455 1381 3175 5024 1204 11 2967 2693 2658 3969 3614 3457 3192 1566 2565 1137 3796 24 3402 4718 3059 4937 813 4275 2972 4859 4948 4988 3276 319 4947 4261 2696 173 3454 2653 2688 3449 2871 4967 3209 3854 4070 3086 4065 4045 3417 3026
5028 7614 86 173 5605 4712 3456 5103 2485 7055 6494 4335 5320 7598 2009 7564 7490 4099 1701 5053 6627 5102 6665 1151 1811 7623 5796 6714 2456 6624 4792 5814 6458 4441 3634 7625 4739 737 6784 5702 4781 5172 5524 7231 6907 3787 3274 395 4598 1374 6127 5472 5857 7241 6941 4310 6946 7405 87 7052 5802 6280 2565 109 6596 7626 3571 4036 4948 3453 2658 3381
5033 3456
5037 5796 6305 6753 1127 4981 3641 2851 5810 763 5697 457 4065 4536 4550 4162 3586 4813 6665 5002 6487 5524 5188 5079 4967 3642 4335 1063 4709 5582 3345 5605 1990 1982 737 5553 766 6133 2516 1074 6359 4036 5185 5814 2565 5452 2369 24 6170 173 5819 5022 5802 5827 5934 11 6752 4488
5043 3447
5044 4547 3449
5045 4536 1204
5055 4899 1470 4045 3854 173 87 5054 4056 2688 2689 4536 3614 1133 2871 2369 2506 4964 4547 4110 3452 4974 5053 4151 5052 1496 4859 3787 4937 457 1127 4261 3455 1592 4760 3655 3447 1922 2702 1024 4483 789 4211 3057 2972 412 4441 4070 4127 2565 2474 24 5051 2707 1044 3456 4681 4967 44 3639 2297 3026 3453 3449 2967 3796 766 1658 3458 4947 3631 11 4948 4162 5037 2935 3454 4709
5058 3453 2988 4127 3447 4547 4756 2565 766 457 4982 3796 4536 2935 3969 3209 4044 4483 1133 4967 2967
5061 1542 4070 2297 2387 3449 3498 1151 4145 4073 5187 4899 5543 5651 5783 3447 2237 5188 5180 2384 68 3796 3642 1133 3854 5445 457 2972 3452 2485 3995 5691 5606 4045 3453 4036 2688 4266 5785 766 5264 5079 4310 1549 3459 4967 72 5002
5064 8162 6907 7733 7900 8199 5103 7056 4140 8189 993 7772 7755
5072 3854 4967 5626 3796 5194 2704 5753 4948 3498 5176 3786 4966 5751 2120 3449 319 4076 4536 789 4045 2258 5419 5188 5179 3453 5752 3009 5606 3390 3010 5714 2968 113 3794 1639 3631 457 5404 3642 4036 4824 4899 4310 310 4550 2688 1374 1542 5675 5096 4276 3209 87 5697 5553 2257 5684 3614 4557 766 4598 2547
5073 4725 255 3453 3641 4899 4211 5039 4442 3458 742 2737 2972 982 4967 4045 2871 11 1549 5072 4964 763 5020 3457 4947 1922 3466 319 3455 2707 3796 4342 3522 4536 2968 2565 3449 789 2688 3321 3830 3191 432 766 4509 2547 2981 1200 3614 1795 4441 1133 1210 4219 2967 5008 3460 4981
5079 6560 5172 5802 7679 5543 3614 6784 5822 6006 2651 2010 7733 3916 6272 6305 7744 2549 6501 6907 53 5177 4335 6993 5196 7808 7092 7845 791 3084 7588 6523 909 7791 5010 58 4632 110 7021 2619 3586 7449 3274 5816 7231 2240 7842 7837 5102 7352 5179 3965 7055 2120 7415 6460 5524 4924 6494 5189 5814 7029 2410 7171 7614 5697 6243 3813 6676 3027 2565 5201 1701 5273 3453 996 4574 5952 5166 7844 5529 6552 7843 1542 6976 1098 2504 6596 5295 2655 5871 2384 5445 6320 5226 4981 72 7771 4795 6555 7378 2940 1667 4824 6020 6885 6702 766 425 3982 4483 6855 5999 5775 3447 3642 5773 6174 2831 3641 7280 155 5028 7047 6774 109 7400 7294 5103 5053 4829 4792 3456 6097 7225 6563 6359 7578 2774 2452 2369
5083 948 2369 3796 3449 1374 4982 5084 265 3458 3460 4967 2508 5008 4046 3402 4751 4036 2760 2935 1639 3455 3028 4966 2967 4364 4662 3787 3728 4222 5081 4099 2658 1608 4547 4756 335 4632 1795 3472 2326
