246 25 11 29 722 75
250 12 21 143 13 20 8 19 11 138 26 10 28 42 9 243 47 14 55 50 6 48
252 138 20 29 19 154 25 47 37 79 143 42 104 6 74 139 55 26 13 46 10 28 50 41 23 80 8 152 40 39 21 59 90 11 215 48 127 201
255 615 25 8 103 24 46 12 11 564 306 633 282 312 231 319 556 20 135 36 80 138 371 10 406 658
257 50 255 71 74 19 256 254 35 11 20 223 215 6 236 58 47 12 40 23 253 169 26
258 17 26 6 261 20 273 8 136 9 260 78 140
259 1279 1357 600 86 35 706 1352 789 1075 626 197 556 24 44 959 315 12 1349 1013 138 156 311 6 879 87 907 922 28 255 194 166 209 759 689 203 1354 1351 650 387 14 769 1356 996 339 1078 1085 1350 173 356 7 127 11 904 427 1358 1132 1111 553 663 1353 1355 1195 42
261 20 166 9 10 11 72 26 136 258 17 29 260 35 28 50 19 78 127 6 14
271 6 17 19 42 947 707 556 151 46 311 882 259 789 11 308 39 556 488 310 182 10 697 762 1066 730 147 99 173 173 87 971 6 769 334 1079 633 266 130 949 911 306 937 143 310 439 90 263 308 24 943 1078 29 26 41 650 241 805 270 77 139 125 6 7 600 311 956 36 339 132 795 47 46 147 48 870 1080 1038 127 319 319 94 639 258 340 50 24 89 674 178 94 336 28 143 727 163 911 644 237 405 138 143 708 24 791 263 255 145 981 128 71 1081 742 58 13 663 94 90 457 86 946 25 633 635 789 334 57 769 663 318 1082 1083 235 636 645 72 439 11 560 458 1009 79 3 808 280 265 695 9 870 201 946 399 27 937 673 371 89 126 944 20 268 103 255 14 182 55 794 25 139 914 181 23 215 21 35 312 312 74 47 759 14 21 236 263 157 1028 36 142 872 766 86 257 634 74 1062 264 68 269 209 400 708 267 142 87 339 637 659 1034 103 795 707 340 180 59 132 290 457 138 635 36 317 176 166 269 42 978 710 600 445 304 74 674 232 163 317 139 224 321 348 227 20 306 80 8 103 948 111
273 17 29 6 40 166 258 28
274 275 58 9 67 29 26 73 11 166 27 42 143 19 36 180 47 35 20 10 138 8 40 12 6
280 10 27 62 80 592 24 6 51 606 150 425 231 23 28 282 605 8 46 25 38 319 255
282 626 645 634 345 14 228 319 592 636 215 339 27 326 237 641 67 154 293 265 312 564 640 46 140 637 232 633 205 28 20 236 104 642 562 339 618 201 406 426 366 11 29 139 343 495 563 371 255 12 39 643 440 178 29 48 14 340 638 644 241 327 561 221 228 80 356 86 564 263 36 395 616 635 87 8 256 556 127 600 178 224 590 236 615 275 140 17 66 306 138 47 340 632 23
285 260 3180 2062 172 425 1352 1772 3304 635 187 2660 1896 1360 2072 1098 260 3120 2565 2326
286 3 26 261 10 8 20 6 47 285 12 46 29 42 11 19 282
290 2130 157 2900 2752 2871 1319 1024 2565 1751 2474 2368 457 1700 922 313 113 996 1922 695 2476 795 2737 2376 769 600 749 1151 90 1608 1230 707 695 2323 2114 1814 3066 3006 412 1820 280 319 650 1966 941 1129 1837 634 1564 826 1051 978 805 1483 1734 1297 87 47 3026 87 1236 2651 634 1585 707 1374 784 166 2707 1151 6 2485 988 1390 1549 788 1164 3025 826 2953 1204 1608 546 1468 1285 1583 2688 1470 769 109 1919 1193 2473 1585 90 1305 127 2508 935 1055 3005
291 4186 4150
298 1210 769 1608 1261 59 1538 1374 1549 226 1357 1055 215 317 1733 1137 256 173 1615 1386 230 1428 6 1201 457 1525 42 1006 407 813 1521 1133 1247 742 138 306 1487 1594 633 1492 1352 993 870 1306 143 11 1395
299 315 71 19 1133 42 6 75 689 971 25 310 40 25 29 1114 203 87 943 356 161 11 143 180 626 922 275 1235 8 293 24 707 86 74 493 21 215 600 161 7 173 871 941 1160 376 635 853 80 730 58 80 789 106 1182 45 21 1325 75 292 11 259 54 168 104 71 36 556 228 47 42 1009 104 79 1111 1135 28 79 993 7 663 86 308 12 715 319 58 55 28 58 284 317 47 45 457 956 9 40 494 26 1063 77 371 71 255 29 280 21 72 215 400 492 14 1326 870 328 77 132 171 5 844 35 8 129 42 759 55 311 545 366 139 1286 57 706 291
300 6 26 23 8 162 29 3 111 295 35 46 236
301 223 26 202 179 27 28 143 10 6 8 46 94 142
302 94 249 125
304 704 147 649 74 55 914 635 761 173 981 80 86 312 340 994 28 36 308 317 742 371 993 957 110 708 87 179 795 166 154 789 280 987 978 310 810 311 712 47 911 1008 6
306 6 10 406 103 25 215 179 319 154 27 20 255 312 11 692 615 26 236 691 111 633 110
308 36 18 154 704 8 104 21 90 86 722 860 600 317 20 11 29 310 838 859 111 312 23 315 138 55 407 306 179 650 861 321 192 844 848 280 25 674 151 236 432
310 132 371 8 28 26 690 25 585 564 376 251 432 688 10 80 20 255 27 89 58 48 154 215 147 689 312 110 135 236 604 182 306 406 36 24 336 386 682 424 674 11 319 633
311 1031 993 1034 633 564 742 788 697 994 600 795 376 147 317 1032 784 759 327 1009 708 319 79 308 312 80 871 971 663 769 707 637 789 1023 1033 1027 650 941 946 157 24 173 643 956 457 306 321
313 877 823 317 697 308 143 311 371 304 23 639 959 805 795 310 759 86 79 157 72 810 844 125 28 334 254 36 87 789 55 11 110 643 704 943 173 960 530 178 644 29 312 769 306 600 633
314 1305 769 173 1006 1010 1352 1009 1442 1319
317 311 110 882 795 47 1000 125 311 87 860 138 882 306 788 255 280 143 315 706 310 255 74 971 319 704 993 173 312 933 789 371 860 110 705 742 759 635 674 637 708 11 310 55 304 29 308 334 432 6 705
319 312 633 71 10 147 27 306 236 11 6 8 39 406 615 28 80 255 692
321 400 707 1034 708 311 956 556 769 215 74 317 312 185 1052 663 1055 795 600 90 432 601 911 1027 55 20 710 971 697 216 269 1062 72 918 126 308 173 994 24 231 788 125 395
322 151 187 319 8 312 80 110 311 310 47 28 308 29 36 6 317 72 41 304 318 58 154 313 139 315 306 305 309 307 20 314 173 316
324 695 742 310 311
325 80 46 328 336 348 604 674 319 352 27 501 692 406 26 132 23 6 51 25 14 615 236 695 58 39 28 157 127 223 306 351 36 11 376 193 20 86 9 37 55 312 255 241
