5743 2135 457 4967 5320 5006 3813 3479 825 3375 4653 5263 3390 231 5697 5176 3498 5079 4536 766 3447 27 5684 3191 4151 3641 2696 1374 2516 4557 4036 3456 1166 4718 2410 5188 3449 3453 4717 5150 4632 3995 4686 2549 3643 4295 3110 4712 4530 4276 3796 5175 4040 4488 5691 5182 2688 1542 2674 4353 789 4974 5118 4824 4948 2974 4899 1097 2972 1041 3642 5180 311 335 4483 4310 4099 5217 5184 1151 5714 5037 5454 3666 5189 5179 5741 3601 3614
5753 3586 3794 5809 1133 5531 5934 6068 2384 5185 457 5153 4632 766 2667 4967 3452 6094 5178 6108 5125 4483 3449 5543 2688 5787 3642 6075 3641 5179 5301 2908 4899 5189 3457 3614 5691 4824 789 5819 4712 5834 5022 310 4045 813 3498 2258
5756 5755 5263 5176
5757 5612
5760 3381 5800 3447 5022 5524 6305 5079 5189 6494 3787 4994 3586 5814 2595 2258 5773 5179 6671 5123 6619 4717 7374 7052 7099 3456 1737 2456 737 2456 6615 5217 7281 6458 7189 6123 6649 6299 6914 2440 6555 5812 5185 7317 4310 1542 5714 7335 4662 2565 5802 6280 4065 5796 5531 695 7045 5811 1098 4964 7233 4483 6907 109 6714 5015 3786 5053 4099 6241 6624 3691 3642 1374 457 5616 4632 4756 6906 5020 4879
5767 5766
5772 7038 1098 6327 5173
5773 5002 5173 3642 6327 5692 7174 6772 6855 6270 6906 6615 7177 7092 1098 5998 6486 5439 4045 6801 5802 5697 7176 5824 2226 6305 2258 6914 766 2677 6280 6347 7175 5773 2365 5102 7126 6618 4795 1795 1374 6563 7130 6913 5775 6045 7142 6747 4524 4948 5524 2565 6619 6907 7080 6299 6620
5775 1151 5175 3191 3449 4353 5771 1701 5763 2972 3642 5150 2988 5079 5053 2651 4355 3478 2871 3456 3956 4709 5774 5773 457 2369 3796 766 5313 3728 5171 4825 4974 3057 5176 4714 2384 4437 5772 5180 4536 4071 2707 371 42 5606 5184 4276 5534 5187 2688 5419 3453 3345 5179 3614 5188 4899 2264 1549 3015 87 5531 2365 1133 3447 4310 4045 5123 3092 3390 4824 4967 5051 3916 4070 5189 20
5776 5998 2565 5524 6976 7121 2972 5179 5188 6615 6618 6327 4712 6906 5531 766 1151 6913 457 6859 4967 7120 4045 1098 6883 3381 6299 4598 6560 3593 5721 4437 6620 6006 5807 5582 5697 3032 5802 6907 7052 1549
5780 4441 4036 1133 766 5180 5761 1166 5489 4967 5532 4045 5313 5457 5188 4632 5079 5176 5606 3728 1374 5317 3796 5462 5552 5484 3786 1542 3642 457 5531 2693 3498 5172 3010 2102 2387 4899 2651 4557 5691 5295 3459 3449 4824 20 37 3910 2688 3453 68 1717 3015 3813 4355 3995 4266
5784 5691 2744 2760 5173 4082 3787 2549 996 2258 3345 5263 5770 5187 2688 5761
5790 4598 2485 5788 5691 697 1041 996 2109 2384 3034 5263 5180 1374 3522 3642 689 3787 3666 3168 4082 766 4967 2549 1055 2258 5173 4715 3786 5188 5789 3747 2660 4988 2688 4036 3449 4483 87 4222 3145 3498 122 4045
5798 5802 5179 87 5185 109 5423 4632 5543 5022 5697 3614 6360 5188 3381 1542 896 1799 5110 4967 1470 6378 4441 425 1688 5684 3787 2667 6377 3449 5818 1814 5177 5189 4310 5079 1000 5823 5815 4673 2258 6156 457 6218 5714
5799 5981 2096 4967 4813 5079 36 6494 5188 1074 173 3910 6270 3032 3586 3571 4151 4894 5660 4899 4960 3478 4483 5998 3658 5591 4616 6503 1042 1210 5189 5103 4443 4045 5697 5439 6500 5805 6082 6023 766 5185 5822 5582 5932 6006 6502 6218 5747 5423 1542 2369 5531 109 6305 4441 5802 6271 5123 457 5709 5022 5857 6501 4673 1835 5714 3642
5800 457 5617 103 4994 6914 5439 2688 3457 5822 7055 6867 3447 737 6460 6280 4310 5824 6618 4211 5796 6934 2677 7241 5177 5543 2565 7092 5739 143 5173 4948 4669 4764 2328 4099 6560 6900 5179 5185 5524 6486 879 6032 5761 766 6488 5814 6899 3691 5796 4829 4712 7237 5772 7057 457 7021 3641 3000 3787 6270 1166 7046 5812 6494 5811 5775 6907 6624 1098 2620 7443 5773 7063 6510 7052 166 5531 3634 5189 6976 2565 5185 6243 5697 5173 6789 6443 5802 6047 5002 7086 3586 5998 6323 6736 5934 6327 5773 7294 6272 6510 6784 4632 7378 7121 7080 7354 6946 4483 2226 6032 5871 7350 6870 3381 3642 6865 6323 3642 6615 6523 5802 109 6615 7231 6784 3456 6714 2658 5543 6772 7225 6619 6900 6620 2452 5806 1542 4219
5801 7255 457
5802 5800 3614 5185 5531 6299 5788 5796 457 3453 6734 6492 3642 6359 3965 766 4829 737 5524 4967 4483 2576 3000 5196 5110 5188 109 5002 3641 5697 5079 5934 5739 6487 2565 5814 5582 5179 11 6491
5804 36 2485 5189 3449 5818 2674 6146 457 3586 789 5423 4076 4632 5177 6320 5543 5110 5301 5531 87 178 5697 1799 5798 4967 3458 109 1823 6360 4673 2693 5524 769 3787 4441 6006 5808 5185 5103 3956 5696 5196 3453 5796 3642 6375 2258 3614 4661 1210 5961 5802 3615 4483 3381 4310 6299 5179 6232 5714 3447 791 2667 6374 5188 53
5806 5173 7225 7484 7241 5301 2257 5814 2485 6618 5802 5446 7021 3000 5531 1166 6299 2328 7280 7080 3634 6624 663 6914 6770 7052 2940 6218 6772 319 6486 6494 3348 6272 6032 7400 5872 6714 4879 1098 4310 6241 5857 6072 5998 3381 6907 457 7231 5166 5189 4483 2658 7086 5655 6993 4437 5143 68 7055 3586 4948 7341 7378 6280 6934 6097 5543 7057 6784 5800 7230 4828 7239 2565 6916 7343 7350 6619 7294 5002 766
5807 6615 6618 4967 4981 6620 5697 6421 4383 1098 5022 5802 6218 4632 2565 5254 6524 5179 2677
5809 5022
5811 7294 4483 2565 2452 6323 4297 6619 6555 6865 7188 7409 3586 7233 4712 5709 6323 4828 1098 6615 2145 5871 6272 6486 6270 3641 5773 5802 6620 6494 6560
5812 7057 3634 7449 5872 5814 5189 8049 7280 7279 5378 7744 2658 8045 5173 8053 1098 6596 7733 4441 1133 3142 4899 2565 5658 7047 8054 8048 6907 4948 6006 5102 99 8046 5079 8052 5800 457 6618 5524 8051 2778 7086 7901 8047 7578
5814 5123 6615 3478 5697 457 2240 4045 6555 6097 2452 5800 2516 6906 3015 5103 5802 5809 4967 1796 737 6907 3571 5824 6618 5102 6855 5773 4036 3586 5166 3447 1374 7099 6221 457 3787 1098 7183 6121 6305 5028 5524 6270 5812 4310 766 7024 2299 5002 6094 6398 6218 2688 6494 6486 6299 2328 4046 6134 6620 5207 2972 1799 2576 5796 6359 2565 5531 6774 4795 6913 6619 3642 3492 3238 5188 6518 4432 6563 3806 1795 5179 5998 6327 6241 3381 5022
5817 4364 1035 1984 3450 3402 4882 5079 3455 407 5801 2535 3402 5590
5818 6736 5188 6620 5812 6875 5524 6458 6608 3381 5439 109 5233 6876 6878 1074 6877 5814 6784 5531 4045 6174 6204 6772 1210 3447 634 766 5857 1286 3794 6615 4967 3614 5185 20 4829 6560 4151 6327 4432 6649 5543 3571 2485 5102 5800 4447 6072 3978 4099 4764 3641 6865 457 2693 1722 3900 395 6822 4297 5824 3642 5796 24 2972 4828 5697 4310 2565 1151 4221 5811 5714 3522 5022 1285
5819 4488 8071 7900 4036 7280 1814 6272 5189 7047 7775 5800 6780 7774 8070 7744 6072 5199 6772 7594 3447 4948 7173 3586 8072 3381 7057 967 5822 4964 8069 6941 7964 1098 5802 1823 109 5524 6460 3460 4632 3965 988 5697 4297 7086 2003 2651 7080 5529 4899 2440
