4264 2832
4266 4687 2237 4098 4041 4706 3447 2972 2565 4511 2135 4219 3352 3463 4261 1549 1552 2109 3057 2688 3787 1473 291 4045 4152 4755 4588 2775 3453 697 3877 1896 2547 346 4442 4688 2699 3452 4756 2932 766 3462 3461 1037 3274 4077 789 11 3148 4757 265 122 3032 3969 3666 4073 996 2651 879 4224 2967 3796 4040 3945 1166 4076 2226 4044 2145 4255 2485
4269 3814 4065 4111 4267 3373 2651 1661 2186 3454 4098 2379 4136 3352 3461 4266 2972 663 1062 1133 2174 4162 3568 11 813 2967 3451 2328 1875 3912 3276 2298 3456 2565 764 2297 457 3641 4229 766 2700 2713 3479 3958 2356 2964 4076 4123 3439 3032 2381 3965 2326 4007 3724 1374 3813 2237 3973 2688
4276 1701 3190 1353 1374 865 1549 2033 4862 600 5612 5787 1874 1937 2237 1075 2595 556 24 5179 5099 203
4289 3479 2145 2967 3571 3454 2560 4162 2506 2645 1133 3352 4138 3659 3032 2298 3661 2658 4142 11 1210 3724 3456 3451 3728 813 805 2832 766 2713 3276 336 2375 2134 1875 4144 795 3973 996 3394 749 122 2009 3478 1549 2384 3568 816 3404 2565 2707 2237 2964
4290 3334 2485 813 2565 3631 3457 3614 879 11 4292 3624 1210 3032 4076 3456 3719 766 2958 2964 3454 3615 4065 2134 2697 2326 1608 4124 4136 3168 3276 2129 2356 306 3394 2859 3973 2237 2693 3806 4291 68 4111 1767 2612 1621 4142 3787 2651 4138 4162 1133 988 2967 2700
4297 3145 2565 4044 4315 3796 4964 4455 3454 2118 2859 3394 319 2565 3453 4948 4967 3456 1922 766 947 4211 4441 1133 5071 3743 4993 2564 3452 3568 4315 4045 1127 3794 4899 3631 3614 4536 1470 4442 3660 2547 3948 2326 2707 4509 1166 4428 2688 457 4564 3461 4070 3449 4074 3455 4205 2713 3641 2369 3659 3028 3394 4255 2967 3032 3854 4295 2972 4966 178 4073 11 2871 4943 5039 3601 1803 1542 795 789 4632 4152 4581 4219
4298 4127 4189 2326 4547 3641 3643 4682 4073 2557
4299 766 3965 1133 1814 4045 3748 2134 3402 2118 306 3660 4295 2972 3453 3375 1247 3724 1166 4065 4252 2832 3719 4070 2958 3560 2688 3645 4142 3624 3350 3806 3479 2565 4138 2653 11 3334 3449 3032 3568 2651 4273 2237 3352 4298 4063 2713 2129 2657 3814 1228 4297 3456 3615 3454 3145 2297 4141 2411 3394 4296 3591 3630
4310 4632 5178 5177 4483 3366 5457 3641 4712 3786 5935 3447 1542 3459 825 5871 5932 5166 6043 2688 5543 2883 4976 6048 1734 24 3449 6050 5123 4488 3571 1496 600 6051 6049 3601 4063 3956 5836 6053 5262 3452 1915 6047 5814 5096 1133 2831 3586 173 4967 5427 5655 4974 6045 2702 4441 5404 6020 4824 4353 6044 1554 2410 5796 2686 5399 5301 4899 4045 896 5172 5485 5783 5484 5176 5179 4894 3027 3642 1667 3643 4964 319 5171 1374 5215 68 5189 3751 3453 5226 5819 4988 4717 5524 5002 4073 147 37 5787 5800 2988 766 5342 6052 1151 3456 5550 6046 1097 4557 5961 5760 3691 154 1701 3417 5857 5079 3614 1549 3028 3995 2369 2667 3404 5582 2909 5531 5984
4311 3454
4315 2623 4967 766 4073 2369 4632 4189 4297 2387 5184 4441 3191 2972 1680 645 2811 2658 3919 4045 4310 3394 5196 3614 3449 4564 2871 5277 3352 457 4948 789 3673 3092 5155 5002 5278 3209 2480 4899 2565 1823 5275 4829 3457 4718 1166 4653 1647 4974 3787 2688 5276 996 5243 3453 4726 3845
4323 2719 3276 4073 2932 2371 3912 1319 2326 2134 2713 4136 2328 3762 3568 4068 4137 4221 3032 4074 3373 4123 2727
4331 3454 2859
4335 766 5012 2145 5658 3366 4982 4653 3786 1816 3796 4980 4316 879 4211 2988 3794 5312 5053 1018 3027 1204 2859 3479 4269 457 5263 2658 2135 5123 4282 2565 4429 737 2909 3568 4661 2050 4739 3897 3641 11 789 3813 3445 5189 3641 2565 3916 5487 2983 4687 371 4981 4899 4846 2129 4415 3447 2256 4934 1734 2696 5511 5172 3796 3026 4663 27 3498 4824 3631 2972 4756 4712 1537 5201 4935 2237 5666 5179 4564 996 3447 5106 2967 5454 3794 4063 3453 122 4072 3787 5171 5667 3728 2793 2688 1733 4653 5193 5591 3352 4222 4967 2135 3449 4899 4353 3567 3568 3449 3728 4524 1097 5321 1374 4936 3918 2277 4733 4485 4536 5267 3956 3453 4152 3454 3571 1133 3634 4219 4138 4550 3691 5285 1980 5531 4688 4586 4099 3498 2688 3393 2674 3843 3854 3614 2605 1151 2237 122 5606 637 4564 4781 1137 319 3995 4044 4586 5452 3855 5190
4338 1374 5179 5684 4824 766 556 5176 3478 4353 2033 4536 3458 2595 203 3462 2871 68 5692 1808 2186 5747 4036 3453 4045 2972 5123 4070 3642 231 3456 2707 2542 4557 1608 5746 4686 3614 5552 5697 4310 5553 1542 3449 3258 2065 4276 4948 3015 1701 3009 789 1151 1835 5616 2564 4416 1549 3794 87 5748 2623 3209 24 2297 2688 5188 4709 5079 86 600 2109 3692 3086 1353 3976 5749 3390 2485 5189 956 4632 1473 4967 5263 759
4341 4164 766 6941 5531 7563 6907 4715 6946 7092 7231 6241 7564 1280 395 1667 6043 3563 7055 7441 3090 7057 5872 5189 1374 4441 4879 6624 5822 2565 5524 2452 7052 4310 2560 5802 6221 4036 7229
