8121 6218 7845 7564 2001 6624 5553 7092 5524 5800 7021 237 7744 6758 7277 6552 8063 5796 6907 7233 8036 7666 6946 4943 6596 7280 6032 8060 7774 7047 2565 7086 988 8120 5655 457 3586 5697 6902 319 1621 6900 5819 8118 6618 7294 7057 7900 7132 7733 4347 1374 8119 7856
8122 5103 3787 7047 7578 5524 3381 988 4948 6907 7391 5800 3297 7900 2565 6596 7727 6072 7964 7774 5775 4632 1374 6624
8124 8036 988 5028 7685 7280 4948 5524 7808 6624 6000 7047 5179 6596 7378 3787 7564 5697 5800 2565 5667 3142 5802 5553 5068 7086
8128 5103 6907 7047 4036 4483 5927 7900 7682 3586 5913 1374 72 8036 4948 5667 7086 7490 6946 6072 7902 7564 5173 4347 6657 2516 5806 6596 4943 5802 7774 6916 6305 4899 2565 988 6855 3453 6624 5524 5185
8130 988
8134 6914 8097 6000 8137 7343 7153 3787 5173 7774 5814 5553 7772 3381 7057 6016 7233 7818 1133 166 5524 7086 7053 8135 6907 5920 6502 4943 457 6443 6900 6510 3965 2658 6151 3786 6331 5479 7900 7047 1506 5179 3142 8136 5800
8141 5179 7086 457 2565 7047 6072 5102 3787 8140 988 6538 87 2941 5859 166 6907 6367 3634 8107 7588 7280 6305 5524
8149 7021
8163 7421 319 4767 4632 6458 5800 1374 737 2658 5524 5802 7080 6596 5738 7279 6072 7902 7578 7900 395 7907 2485 5857 5872 6634 4948 7865 5103 5102 7405 166 7086 8161 7052 7047 8162 8036 8085 6859 4483 2565 988 6907
8168 8162 5800 7774 7743 8060 6596 2240 7856 4140 6885 6875 1374 5316 7441 1098 7047 2226 7057 7086 4948 7907 7080 988 7697 5103 7932 6907 3965 5998 5738 5524 7092 6320 2983 4347 737 6072 4116 5802 6916 5529 2565 8036 7052 7564 2658 7900
8169 5106 5524 7900
8174 7744 7086 4771 7280 7391 600 854 988 4140 3088 6043 7862 1051 7047 5103 7733 6484 3238 968 4532 4347 1688 2565 6494 4926 8036 6016 87 7808 1374 36 8171 5060 5446 7810 7901 4441 6801 7903 3057 5940 5872 7685 8085 6924 4483 7727 6875 457 7080 2452 2485 6596 8170 5802 7893 7774 7772 4040 5173 7578 3456 8173 8172 2299 3965 2504 8162 7189 7233 6347 6502 5053 5524 7055 4632 6907 7449 7357 5342
8178 6627 5524 7772 8182 8177 5982 3142 7047 8183 8179 127 7744 6907 6524 8180 7472 8162 3498 8181 7907 769 5103 1530 7676 2502 5173 7853 2925 2565 5771 8053
8192 7900 8194 3088 7675 988 5800 4632 4140 5103 854 1814 4943 7421 3752 7772 2299 8193 7945 8195 4441 7233 4948 7856 5940 7237 5872 6484 7443 2485 2983 8162 7086 7225 7902 3142 7052 1179 8190 7047 5188 3456 6347 8085 8156 7862 7774 2565 8060 2003 6907 8173 4040 737 7055 1051 7901 6596 5802 6032 7279 5814 8107 7391 5524 6560 8036 8092 8063 8171 5738 1374
8198 5173 1374 8085 7047 988 2258 5511 7378 7086 8196 457 7391 8197 7685 1667 7733 8162 7237 8173 2565
8204 5173
8209 7902 3142 7086 3380 5524 7774 5378 2658 5173 5096 5342 7744 4632 6907 7901 5189 784 4441 2003 2297 5802 988 3965 4948 7391 7280 7047 7057 7682 6596 2565 7056 8152 6006 457 8053 4483
8212 6229 6241 4948 5103 3310 5482 7906 600 8204 7391 47 2485 5106 8046 7901 7865 4432 6072 2369 7774 1931 3142 5857 457 2658 87 4441 2565 988 7238 1612 7772 8152 5102 7086 5872 4674 8211 4040 2983 4347 2851 6227 6596 6875 7047 737 5802 7675
8219 6596 7043 3787 8051 5378 5800 4040 7685 7357 988 8092 600 3142 5185 1814 6241 7198 8047 7901 457 7086 7906 7564 4441 6305 5966 2658 2565 7744 7679 7449 8221 3380 6916 4948 6907 5524 5802 5103 8053
8224 6072 7901 5806 6443 5741 2369 5103 6006 7053 5173 8222 2983 7810 1814 6766 7695 3787 457 5524 7350 7086 5189 7057 5079
8226 457
8235 6916
8237 3787 7057 6907 6596 7086 8211 99 988 2983 2565 4441 3965 58 8236 5185 4632 7393 3142 2658 7047 6924 3088 109 8047 5378 8051 7772 4948 1814 8053 1896
8246 8046
8249 7744 5800 6885 5655 8046 457 6951 3142 8248 7391 8053
8263 8053 7744 7047
8276 6000 7335
8277 7047 5079
8282 47 36 25 26 154 6 28
8283 108 121 192 124 125 3
8284 28 440 472 8 465
8285 14 28
8286 11
8287 494 528 364 529 56 336 11 68 352 79 46 12 87 527 7 107 426 125 454 366 90 367 152 83 15 31 14 42 101
8288 983
8289 620 710
8290 986 1621 922 2065 1816 1555 1352 1098 1350 1564 826 993 1803 1166 215 1670 2120 1350 1997 1496 1757 1838 56 1319 2240 1151 11 1166 1538 1621 1151 1772 11 1542 1857 173 1783 2145 1319 996 74 1808 1772 2156 1816 2282 1644 2072 1766 1700 2118 1623 1772 1808 2357 1319 1496 1211 1184 2062 1202 2099 1428 1985 1729 1098 1749 1492 1480 922 1594 1896 1555 1428 1538 1613 1967 1628 986 1670 2133 457 826 2001 2072 1547 1538 1803 2169 2156 1542 546 784 311 2557 1487 2133
8291 1808 2169 1151 1319 1521 1977 2072 1098 2236 1496 1350 172 2256 2174 1521 996 457 215 2072 2472 941 173 2153 86 2169 546 2473 546 1062 2277 2550 1919 1319 1521 1800 1919 11 1808 1772 1746 2240 1319 215 2062 2133 1608 11 1202 1151 2328
8292 2565 996 2593 2566 2557 2567 1717 1820 113 1581 695 1151 2169 1210 457 2835 1305
8293 1922 3490 2472 127 1608 825 2384 2974 1487 2565 2565 2384 425 3168 2297 3055 172 3235 3991 3418 2541 3304 988 2290 3209 2576 1896 2237 3659 2585 3912 2703 2309 3046 1395 2234 4025 2790 2713 1749 2686 1832 2398 3812 2411 2256 2398 2686 813 2791 4026 2948 1419 1661 2328 3276 2646 1972 2651 2691 2686 2237 988 2234 766 3416 2623 2967 122 3417 2565 2612 3020 3417 3233 2234 2872 2713 3291 2240 3454 3010 2964 2129 3216 3470 2688 3072 2384 2719 1259 3159 1549 2842 3297 3084 1896 2967 4000 2688 2842 1305 2964 2326 1922 3814 1838 2651 2326 1549 2688 3417 3233 2240 2535 11 457 2240 2326 1772 1608 122 1259 2790 3235 2618 1749 172
8294 3641 3660 3394 2559 1055 2328 1587 3010 3028 4007 3562 3720 3775 3591 2872 3977 2842 2240 3646 1990 3615 1838 2967 3949 3813 3568 2299 3918 3477 3714 766 166 2651 2256 2411 2129 2223 47 2144 3084 1374 2713 3965 1211 2688 4082 3454 1608 122 2700 29 1972 974 2653 2909 3518 2326 2585 2618 2859 4056 3728 813 4040 2695 2871
8295 3456 5190 1166 5243 5177 5644 5324 5811 2576 4550 6271 3787 3291 5812 4221 4483 3642 4632 457 5301 425 5862 6270 5768 5776 4045 5696 4795 3447 5194 3751 5932 4980 2981 6272 5531 5814 5524 5188 5534 2693 5427 6273 5836 5079 3631 44 2516 5691 5179 1207 3586 311 4355 5022 5079 5457 2972 3456 5829 5452 2686 4828 4967 5871 3439 3449 5822 5624 1717 5176
8297 5524 5816 1796 2145 3348 4335 1762 6327 6577 5582 5531 6220 5185 6299 4712 4310 5802 5022
