6400 6397 4687 3787 5890 87 3176 788 6393 3642 6392 6394 3449 813 996 5591 6396 6391 5697 5103 6395 5796 457 5179 5110 5531 182 2381 6398 2967 2988 1717
6401 6401
6407 5022 5524 2172 5179 4795 2547
6409 5591 5022
6414 6975 5802 5591 6784 6624 4310 5952 7045 2440 5179 5820 6320 5721 1151 6563 7791 608 1701 7768 6360 6907 173 5531 7769 6620 6068 3642 5796 7443 766 3965 1644 6945 3297 2565 7052 2145 5811 6906 5173 6305 6993 7294 7100 7882 2369 5773 7047 1374 6032 2565 4335 6712 6327 6907 6747 4632 2658 5524 7733 7057 5028 2258 4046 6097 4441 4347 6299 3586 2456 6243 6613 2410 7110
6417 6615 5814 5802 5591 2565 791 6416 4483 2658 6299 737 2839 6789 5839 7057 6714 3641 3642 6270 6946 6156 5189 5079 7416 6619 5813 5807 4036 3600 2249 5800 6241 2452 3381 457 5103 1542 6914 6772 237 6360 5022 6023 109 6907 5697 6323 5531 5524 6415 7378 1010 6299 1879 5969 1009 766 5110 6906 5839 5823 7400 4257 2485 2660
6421 3274
6422 7047 7391 5110 2658 7775 4187 4364 4828 7967 7614 7113 4814 2565 6951 7092 7053 6421 5079 5524 6736 7733 7280 7743 4447 2560 7966 7378
6424 5022 5972 7490 6468 6466 6467 6469
6432 5179 5582 44 5799 6126 5697 3291 6431 4045 6317 5811 6218 457 5022 2256 3449 5423 5819 4310 6156 6023 5822 6327 4795 5185 5696 6239 766 4828 3032 4967 2667 6430 5079 3381 5823 4673 5839 996
6437 5814 2564 1767 2297 2851 2376 3642 113 3456 1972 6126 6023 5177 2145 42 1644 68 4073 1151 695 3032 4045 2667 5439 1835 226 5823 4960 5181 2545 109 6006 4632 2774 3535 1215 5582 4441 5822 44 5189 5531 2775 996 2595 2576 5079 5697 4099 4310 5524 6327 2456 457 4967 4036 36 6223 5799 1166 5714 4970 766 87
6441 2376 6439 87 5697 2972 457 5800 4673 2667 5806 4967 6270 766 5582 5524 5189 3642 6126 5177 5818 4813 3381 5819 5531 6023 2765 172 5103 2145 5630 4045 5823 1972 3634 1074 136 996 4632 5811 6305 4899 3010 5423 6006 5022 5696 5802
6442 2564 7086 6753 6548 5102 6615 5800 5802 1549 319 2839 6885 6907 7270 2851 6624 5796 457 6875 7055 2458 737 7419 109 6032 6714 4437 1748 1879 766 7131 7418 3381 6712 7057 5096 6619 5217 2297 2658 4764 6241 6518 6280 5839 7420 4669 7417 6918 5103 5531 5810 2565
6458 87 5714 6305 4673 5524 5248 658 2699 6456 1972 766 4709 5818 6453 5812 1470 3478 6454 1151 3932 5697 2545 3456 2264 6216 1496 2688 6457 6451 5189 5696 4899 2369 4967 544 3027 2456 3642 5531 3345 4813 5857 4632 5439 3106 5804 457 5775 5472 4781 364 6217 42 5582 6006 4441 5188 109 5821 5839 6455 6450 6459 6452 5185 5802 2972
6462 1522
6464 3586
6472 6470 4966
6474 5697 5022 4795 6447 5360
