2790 4682 2411 2256 766 4567 2093 3463 3965 1549 2398 4056 2326 2859 3977 2145 3748 825 3304 2596 2135 4222 2326 2145 2967 4219 1847 2900 4211 762 3475 2535 4040 291 2226 3227 3032 813 3394 2697 3729 3787 3256 1041 4073 2210 3631 2694 1537 2237 1133 3454 1783 1707 4144 2958 3084 4123 2688 4720 3641 3352 405 2657 2697 2696 2694 2535 2951 4511
2794 2474 2504 2469 2172 2565 2547 1707 2791 825 1305 1097 2560 899 1500 2555 1374 2230 2557 1980 1395 1772 2546 2145 766 2793 1357 1709 1991 275 1594 2298 2617 1499 1166 2328 2559 2299 2072 2135 1135 1200 2473 1769 1463 2411 2507 1875 2790 2297 2792 2595 11 310 2410 1098 2435 1808 2548 1592 1496 2789 2116 996 2256 237 1888 1767 2323 2133 2264 722 2510 1794 1608 1964 1549 2550
2797 2557
2799 3557 2326 2842 1981 2411 2686 2713 2565 3558
2801 946 2788 1132 1185 2774 841 2174 996 899 908 1697 769 2555 2172 635 2510 2435 87 1644 2557 2233 371 28 313 2593 1042 2072
2805 1395 899 501 1783 2510 766 1428 2559 826 2507 2593 2802 1137 2535 2209 2596 1547 2557 1151 2576 2328 122 1098 2768 2565 1707 308 2474 1608 1024 2133 841 2542 2256 556 1705 2472 2118 546 2609 1200 2473 2803 1374 1305 993 1919 1991 1210 2740 996 2254 237 1896
2809 2474 2740 704 2768 2072 766 1374 1200 996 899 1384 2133 1885 2557 1795 2555 1322 2561 2593 2472 2565 1700 1767 1462 2174 86 2576 826 2256 2328 237 915 2473 122 2559 2233 2411 1305 1991 1875 311 1151 1549 68 2009 2435 2340 1555
2811 4073 457 3457 2237 2118 4688 4661 3812 3985 3461 3032 3463 2289 11 4252 4564 879 2832 3451 3433 1795 2613 4077 4124 704 1166 2935 2120 407 2565 1133 3796 3274 766 2972 122 4045 3456 4441 4682 127 4044 3453 291 4725 1184 4123 3449 1717 4219 4211 2651 2145
2814 1374 2651 2746 1790 2647 2576 2328 1820 2544 2557 2473 2813 2072 2474 1135 68 2322 1098 2133 1521 403 1305 1705 1700 1137 841 1384 1991 1653 704 2740 2472 2251 2186 766 21 2608 2256 237 2565 1772 1608 899 1200 1549 2617 993
2815 813 1151 766 2472 3011 2557 948 2473 1814 784 2950 1549 826 2251 993 2323 2474 2133 1291 1305 1419 24 2936 2072 2476 2237 2768 856 2102 2900 1922 3010 1972 2114 2871 2256 1705 2371 996 1608 2255 2565
2818 2817 457
2819 310 2651 24 1549 1496 3352 1951 813 2237 3144 1166 2547 2693 1305 2988 3402 3000 2654 3036 2565 3439 2660 2364 2700 3026 2326 826 2871 3291 766 3381 3227 2209 2842 3056 988 1279 3404 319 1424 147 2688 432 2674 3033 3073 2542 749 2290 996 1832 3148 1267 1795 2485 1367 2713 1972 3345 1922 2703 2686 2765 172
2821 2817 899 2473 2818 2778 2819 2541 2256 2328 946 2174 2231 722
2822 5155 4310 3402 457 4600 789 2369 5110 2883 5009 766 5366 4829 2688 4077 2387 310 3390 4970 5246 1542 4894 2693 2576 5184 2999 5189 1823 3417 4948 3462 4718 5296 3969 2565 3404 4219 4967 3641 3392 5029 4550 3457 5176 3812 4355 4070 4938 4828 4071 4448 2145 3691 3447 4276 3103 3593 24 4441 2384 5367 4653 5365 3568 4899 3352 3453 3614 3057 1374 5286 3449 2972 4748 2118 4353 3191 5020 3456
2825 1374 2576 2565
2828 766 2555 996 1705 2507 1473 1384 1137 2546 2474 2565 854 1875 1166 1200 1985 2118 1835 237 1769 2740 1024 308 2375 20 1098 1259 1305 946 275 2174 2473 841 899 1991 1583 2608 346 1919 2557 769 2542 2256 2576 2472 2133 2510 1549 993 2683 1374 1701 2559 122 1794 1608 1151 1062
2830 1062 1147 3118 2702 2371 2472 2236 1133 2135 1492 2674 766 1814 2237 1395 311 1097 1972 2565 2009 1985 1549 24 3119 988 2093 2485 1024 3095 1991 1608 1374 1000 1151 2646 2958 2978 784 2474 1305 1919 3033 722 2476 2948 3062 1622 1585 2473 1137 2842 1166 1835 2688 663 2987 871 650 3020 2114 1200 2504 172 2998 826 2660 646 1583
2831 3960 1374 3447 3456 3027 3568 3402 4138 3191 4536 4653 2660 3449 2565 766 4712 4550 2237 2594 36 5008 4355 5189 5534 3624 3452 856 5190 3092 5487 5537 5188 2145 2693 4813 4967 3483 5079 1267 5535 634 5176 4276 3813 3641 3614 3453 4036 2972 5462 4948 2485 4219 5263 4310 3192 3350 3519 2667 4717 4077 4353 5099 5316 3290 5184 3634 3666 2688 5482 5536 5175 5474 5181 457 4824 4899
2834 993 1200 1062 2831 310 1167 1835 1395 1210 2510 766 122 1919 2264 1166 315 1522 1808 1000 1151 2072 996 2328 1374 1767 2472 2474 1705 948 403 2833 871 255 2550 1184 1608 2085 1305 1985 36 899 2768 2740 1552 2473 1521 1221 2792 2133 2832 2565 1991 2120 2822 2542 2557 2507
2838 3912 865 1820 346 2565 826 2072
2843 6 457 1279 1483 11 1293 1510
2844 2565
2851 7106 1003 5922 103 5143 1051 4432 3274 6902 6555 5524 4437 3571 1286 5543 7104 6994 5002 6305 6443 5857 4943 766 5582 2674 6615 7132 395 1623 6518 7139 600 6280 1098 6486 6620 2249 2299 7086 6241 5816 457 3522 6941 6907 6906 5821 3381 2940 3607 1151 5802 432 7252 1210 1127 6914 6327 6484 3457 6619 737 2135 4045 5106 6976 3593 2118 3770 7052 6032 6624 2686 5714 7251 3641 5796 6270 6622 5179 6323 5445 6714 7253 2565 4712 3449 5103 5814 7092 634 4310
2856 1820 3072 2474 1166 1496 2654 3197 3033 2365 3198 1592 3006 1991 1395 2176 3199 3098 872 2704 2264 1286 2371 2822 3000 2118 3144 3062 2660 988 2297 2476 2702 1729 2225 2958 3196 1922 1267 2707 1827 2294 3191 3180 2851 2234 2565 3200 2948 1151 3020 2559 2790 766 722 986 2507 2688 1200 2855 1814 2686 826 2236 1855 1608 2485 1614 994 2473 996
2859 3641 4074 784 2506 2411 3819 3315 3631 3568 11 4036 4042 4185 1319 2688 3898 993 4073 1492 2967 3645 3714 2964 879 2365 68 3375 4186 457 2559 2972 2700 172 3615 3798 3614 3028 2713 405 4138 255 3454 4070 813 4184 3659 3032 4007 3949 3724 2765 1838 3541 2326 2565 3033 2256 346 3962 3973 2654 3168 2297 3666 3682 2560 2379 766
