5499 5263 5079
5500 5802 6616 2658 5524 1374 4536 7054 7236 4046 5173 5544 5487 2565 6907
5506 5188 3092 3459 2257 4666 766 3449 4829 5505 3453 457 3402 4828 5285 3666 5011 4948 5160 2688 4353 4550 5184 5295 122 5504 5176 3728 3447 4824 996 4938 2485 5079 5190 2972 4138 2667 4310 4967 4036 3641 2565 5189
5509 5016 2688 3666 3449 5478 3498 4036 3631 3568 2237 766 5176 4355 4353 996 2871 4967 5189 2485 3291 5184 5179 5468 5188 4653 4948 3792 1166 4310 789 2667 4550 5382 5508 3634 5507 122 2565 4138 634 3658 3976 1151 1374 697 4483
5511 3522 2387 3449 72 5317 3390 5510 1925 1542 2988 4938 2744 3806 2384 173 789 1374 4364 2237 4550
5513 3691 4824
5514 5468
5524 1549 4712 5804 5022 2328 4994 2623 3614 5644 72 2688 4717 4483 5817 4310 3453 4792 2240 1542 5079 5796 3447 4045 5427 1542 1074 6935 4967 4310 6043 5103 6299 4964 3459 6618 6900 3015 1166 5839 5932 4099 5177 5399 310 3456 600 5787 6855 6198 3459 6494 2972 5802 3965 5177 6619 109 3449 3971 6242 766 6486 5817 5188 6772 395 3641 2037 3642 3381 5553 546 6068 5543 6934 5697 2565 5814 5189 6488 3032 5009 5684 2587 5708 6577 6859 4709 5166 5179 6936 5857 5822 6123 72 1796 5022 4964 6067 4974 3498 3586 3586 1674 6323 6069 457 5839 4828 2118 5932 5612 6066 5185 4363 1151 5531 5862 4483 5800 5048 5739 5342 5246 5543 6649 4632 5179 4632 6359 6620 1210 5176 5871 3456 2667 6523 6270 4967 6305 825 6551 5079
5527 1137 6094 5805 5404 4045 4712 5079 5934 4099 5177 5691 2667 3586 1470 2504 5945 5524 68 766 5787 4483 3641 5262 3366 5427 2387 5179 5739 4967 3274 3449 5871 1133 3642 3498 2688 4824 1542 825 3813 5829 6075 5696 1733
5529 66 6494 5800 5173 7092 7649 6596 5189 6914 6907 7262 6221 7049 3787 7231 7806 2565 6004 1374 4483 6818 3642 155 2774 7614 3315 7579 3297 457 5103 1151 6934 5524 4036 7047 4632 737 2658 7766 5896 2485 6072 5775 5179 7183 6032 3447 7679
5539 5250 1374 3631 4550 3449 789 5193 4982
5543 4767 6523 4980 5479 5171 6063 6501 1003 5185 5531 6305 4712 3478 5644 4764 2145 3607 6061 5741 5246 5857 6770 6649 5582 6635 6611 2688 2037 5796 311 3642 5787 5855 6204 1542 306 5802 5714 6620 1701 3522 4687 398 6270 6421 3641 1554 600 4036 6043 3453 5814 6323 3447 5061 3586 3642 4045 4894 6229 5809 6618 5189 2547 5871 5439 5079 6896 6865 6062 2693 2565 5079 6064 5934 3614 3614 6494 5022 2667 457 4967 5427 4652 5697 5178 5179 68 5857 5189 5196 4045 5524 109 6736 6272 5818 3381 6627 5179 5739 766 5188 1542 6922 5022 4065 6032 4687 4416 4967 6525 5630 6060 3456 5935 6921 5655 5123 3641 6081 4297 737 1667 3453 4310 5524 3456 813 2485 5176 5824 6615 6598 3291 4829 4310 5796 3449 6458 600 2688
5545 1133 5819 5487 5189 5022 1799 3642 4924 68 1542 1608 5935 6213 4045 825 6214 6212 5079 5110 3642 6133 5812 2972 4063 6146 457 1151 4899 6020 4967 5558 6043 2688 3449 319 4828 335 1004 29 1247 4483 6075 4631 825 4534 5829 766 5177 4099 5582 2369 6215 6176 5543 4712
5559 3786 4550 2972 3449 3918 5250 5544 5360 3459 5189 5558
5563 4310 4653 6772 6538 6204 5454 1542 3007 319 3614 3586 5189 6611 5932 6846 4485 5179 5037 180 3381 6865 335 5827 6902 4661 3461 5484 6032 6359 6123 2619 5188 2972 6615 2369 1074 3873 1722 5739 5166 5524 4661 6658 5596 6241 5561 3290 5804 3641 5796 5316 395 5022 5561 4536 4482 737 4099 3447 5824 4045 4967 1210 766 2565 6320 457 4828 5079 5531 6270 5185 5857 896 6305 5811 6323 6620 2677 6895 5079 5439 5550 2688 3642 5822 6649 109 5697 1799 5553 2145 5630 4483 5543
5568 3631 5312 5478 5079 4948 5182 4138 4967 2001 3691 5184 1374 5567 5188 2135 3449 2375 5123 3787 5382 4846 2565 4899 5263 825 3666 4550 5190 5189 996 5176
