3200 2740 2290 2724 2799 2565 2379 3731 3817 2326
3235 3233 3231 3229 3232 3230 2565
3237 1319
3238 5179 4948 1385 1811 4712 2384 4310 7054 7052 1498 4151 1365 2886 2135 2225 7055 6624 5188 3381 5103 5524 5702 5800 6174 5102 6502 996 1151 6484 7046 4437 5053 7490 6494 4099 2233 5189 4489 6442 7586 113 7614 3460 5552 6229 4483 4662 2440 737 1733 4828 3792 7649 2511 5172 2549 2456 7664 7063 336 1133 6946 7045 5166 1701 87 5773 3032 3691 1132 1542 5196 2560 5185 6299 3586 72 1164 3297 5479 1644 2240 5485 7343 1098 173 4967 2940 7120 5217 1166 6241 6596 311 3456 6934 3404 7132 3614 5028 6016 4616 7231 7390 3321 742 4221 1200 7280 7131 1374 766 1621 6941 7663 6443 2774 4441 854 7047 7665 4899 6907 5814 3854 3498 7598 3453 3642 3447 7564 3274 5445 5796 1471 4488 68 2565 2981 749 2485 2369 2186 3641 6866
3243 1200 1075 948 3240 3241 172 1374 2236 2872 2565 2686
3245 3244
3251 2299 1922 944 826 1991 3055 310 3062 1151 2119 1583 2964 2674 2686 2703 2472 2416 2507 841 1496 1050 2236 766 1166 3010 1549 3028 1374 2819 1608 3098 2474 1707 3250 3144 2651 2704 2696 769 2700 1221 2565 2699 3020 1305 3092 2332 2605 1210 2473 2871 2229 2688 988 172 2660 1697 3095 2009 1200 122 182
3253 310 2871 1820 996 122 1319 172 3062 3098 1922 2699 2547 2737 2236 311 2365 3242 766 2507 2674 2559 2842 2933 2225 2565 2332 1730 1200 3024 2065 3020 1210 2256 457 2790 2258 946 1492 2411 2298 3055 1221 1547 826 1991 1167 2688 2135 1583 1814 1305 1608 2947 2297 2174 1166 1594 1896 2697 2651 3095 3252 1506 1992 2690 1419 633 2003 2093 2226 2474 704 2510 2900 2118 769 1521 1279 1661 1098 2560 2623 854 1032 1151 1496 722 182 1470 663 2703 3199 988 2473 1701 1135 1037 2160 2654 2257 1985 1549 3125 1614 948 1473 1769
3255 2497
3258 3519 2972 2297 122 3631 3568 2651 3465 3258 3641 813 3192 2700 1374 2236 2565 3812 68 3055 3615 1492 1838 3521 11 2474 1734 3949 3276 2964 3724 825 3814 2565 2290 4007 3714 2747 1428 2713 3028 2595 3252 3439 2497 2872 1795 1496 1549 3026 2707 3496 3297 3352 36 2859 2328 2485 2967 2356 2871 2326 2842
3260 2653 3786 2747 1241 546 1608 2651 3541 3005 1967 2542 3660 3039 3954 3258 1538 1537 3815 3527 3962 2323 2657 3641 3661 3317 3315 3454 2688 122 3963 2842 2697 2240 11 2145 3842 1701 1549 3633 2297 1922 2618 988 3798 3719 3562 1749 2713 2790 698 879 3814 1972 2065 3477 3350 3375 3645 2485 2565 2398 3647 2909 2585 1783 3394 2365 3949 2237 3439 2699 3666 3175 2326 2328 1522 3026 2700 2290 3720 3615 3168 1374 3787
3265 2689 3024 1319 2746 1521 2145 2660 1374 2692 2842 2702 2497 3028 2688 2516 2703 2912 2790 2565 3059 2686 2474 2967 1098 2667 2003 766 2747 2699 2251 1922 3144 2299 2968 3020 3026 2236 1357 3261 988 1734 2359 1608 2576 1583 1795 2510 2062 3262 1215 1166 1305 784 2701 2923 3010 3125 2904 2964 3260 1622 3259 1137 1729 2297 1621 2507 1596 3056 311 2225 1487 127 2925 2674 1368 3005 2713 1200 3031 2958 3044 1211 1549 180 3098 2704 2727 1395
3274 1549 3456 5190 4073 4894 5172 3916 3015 1374 5263 1151 2972 4221 996 5188 3390 4222 3624 3614 4967 5180 3447 2883 2387 4899 4036 3449 3642 4483 36 766 3452 3258 4781 457 3191 1097 5718 4980 4948 4099 5176 4310 5562 3854 697 2576 5189 3453 4070 5531 5179 1253 2696 3666 4824 3796 2485 4138
3276 2560 3026 2326 3589 1102 1496 4046 4564 3854 4547 3256 4261 4688 1204 825 122 1820 2842 3556 2967 2565 4947 3956 72 2510 3636 2596 879 2557 4127 457 1470 4894 4653 3667 2326 2653 3787 4127 3976 2326 3172 3439 3394 4536 4074 3796 2727 3541 53 1319 1537 2416 4859 87 3449 813 4662 1667 1596 1133 3375 3256 766 2657 3785 2727 766 2688 457 2565 1319 3026 4008 2727 2688 4948
