3034 2237 1549 3047 1583 36 2237 813 2859 2435 3854 3089 1202 1814 68 2674 1608 3087 1098 90 2272 3796 2225 2510 3461 766 766 1133 3976 826 3456 3450 3090 3073 4377 2688 3449 3792 310 1919 291 2565 311 4077 122 2236 457 3728 4045 2964 600 1592 2546 3447 2297 1794 3902 1608 1549 2225 2560 2474 2485 4644 2912 68 3077 3258 2707 3086 3262 1064 2871 2129 1166 346 2476 113 2507 988 1006 4618 2135 2172 3055 3276 193 1184 2547 2704 1151 3056 1006 4151 3455 2595 3085 3018 2328 2371 1813 1614 2688 2440 3614 813 2565 2967 2135 600 1837 3091 3453 3083 1135 2504 3350 2559 2775 3402 1024 3463 1075 2411 3787 3088 2114 3145 722 4142 650 11 2547 3092 3766 1151 1200
3036 2790
3050 2497 1207 3046 2565
3056 3053 2476 2565 3051 3054 3052 1207
3059 2700 3175 2822 2565 2932 2290 3615 457 1972 1993 3724 3862 3252 3055 2230 2326 3659 147 1912 3864 2699 3481 3010 1306 3301 3144 3597 3571 1522 3033 2016 2371 3192 3196 1549 3748 988 2967 3527 1922 879 1137 2988 2989 2688 3525 1381 3622 11 2790 3352 1807 1566 3678 3754 3026 3291 1395 2485 2906 3641 2114 3863 2297 2651 3084 2653 432 2613 3541 1062 2713 122 3404 3858 813 1305 2696 3854 2237 3865 3611
3068 2476 2565 2541
3073 3452 3026 4662 766 2565 2859 2596 2485 1305 4044 3787 11 3965 2967 3461 3390 4150 1133 582 3449 3457 4866 789 4415 3455 3469 3463 4045 2871 4688 1733 3453 2560 3451 2707 4151 3479
3082 3063
3084 1549 2651 2440 6043 457 2688 3541 3026 3641 1297 7808 1305 5612 3392 3469 2872 3352 5810 6421 7614 6510 1729 5655 4574 2504 2003 7471 6560 6494 3028 2230 3631 1922 7236 6855 4447 6523 5079 6993 988 2699 2411 825 2958 2565 2906 7378 4764 3457 122 7057 2356 5051 2871 5524 2700 1522 7294 1127 2653 6000 2210 2576 2326 904 5800 1098 4335 2398 1241 3439 1374 4981 3488 1374 3321 663 1972 3557 68 7231 3274 3454 3010 5697 4632 2145 2619 3394 6774 3802 2223 3787 3873 3622 5999 3659 2697 4792 2657 4310 5177 2774 5871 6305 11 4899 3527 2560 2114 5179 3018 3586 2790 5796 3479 4488 3642 5166 5814 7053 3238 3519 7080 2237 6907 2713
3089 1032 4149 306 5455 646 2948 2856 784 1215 5819 5037 2585 766 3666 4041 2958 3447 4967 3145 3956 2660 2565 2972 988 5936 3478 5176 5396 2497 383 3010 3034 5254 2277 5184 3034 5316 5207 3062 3453 5180 1151 3088 3284 425 5484 2135 3020 3658 5263 2237 5932 5691 2272 789 5862 4008 5457 5938 5680 5427 1733 2547 2381 3404 5796 1820 3786 5655 4045 2689 3641 3854 5531 4976 5930 5933 3094 4899 1000 5857 1200 4828 1701 1848 2387 2472 5787 5939 1063 4310 1151 36 3995 3037 4008 68 5189 5121 2225 5171 3728 2667 4781 5937 1133 1166 2594 2435 2381 3032 3034 2702 4040 3787 4616 3787 5871 5524 5282 2702 2237 3087 4041 3227 3461 4824 2237 5684 4829 2297 5296 2660 2225 5940 5079 4326 766 5783 1608 311 3459 457 1608 5836 3032 4948 310 2236 4355 826 4666 4717 784 4764 3033 2686 1701 3386 2900 2774 3037 2387 4974 2120 1166 668 2277 4550 4483 1097 2688 1608 2660 5704 5814 5020 5697 1210 24 4967 1466 2258 789 1055 4487 2595 5941 3084 5189 3643 2225 2775 3037 1972 5177 2737 280 2565 3601 3027 5246 4276 996 457 3614 865 2686 1468 4653 2272 689 5935 2135 3614 5176 3291 180 2688 2135 172 2972 2576 1549 4718 2958 1549 1097 4964 3449 5262 310 1374 3642 3666 5399 3456 1374 5543 1501 4712 5246 1542 2688 2186 5934 68 5008 3479 2381 2790 2001
3092 3402 3796 3352 737 4099 4859 4441 3453 2003 4948 4899 3456 766 3192 5117 5119 2693 4077 5126 3519 2688 5118 5110 4967 4219 4355 1896 789 3449 4045 2504 2576 3794 2565 1166 263 3457 3447 2667 4563 2658 4070 1151 4550 1542 3452 4276 2871 2691 3034 4982 841 2972 3026 4329 3726 11 86
3099 2476 2379 1221 826 2646 3093 3018 2472 3095 2974 172 2702 1919 2912 1390 1896 2236 3047 3056 1305 1608 1200 3077 3020 3096 2565 2576 3094
3103 5110 3457 996 3026 3191 3352 4967 4948 3568 3447 766 5029 5296 2691 2323 5079 4899 825 3010 4829 1847 3449 3453 3009 2883 3394 5395 4077 3614 2688 3402 4625 5176 3969 789 3452 4041 5189 813 1549 2485 4715 4441 3404 2831 2565 5243 3350 5382 5233 1063 2619 3110 4550 2972 3456 5184 5106 3641 5020 4718 1055 4036 3459 4070 5190
3105 826
3106 2699 1247 2871 4363 263 697 2565 737 4056 5020 457 2693 4726 4441 4219 3449 3453 2691 3057 4709 5195 2737 5249 3032 2576 2093 5155 2658 996 5233 4632 3463 5009 3666 5248 3728 5247 122 3026 4045 2667 3402 3614 4948 3034 3691 5140
3114 2700 2790 988 1374 2485 3568 3010 1972 3352 2651 2565 2660 3024 3404 2674 3200 1951 127 2693 1305 122 3611 3629 3482 2653 2658 11 306 2871 2237 766 3304 2067 2105 2688 1151 3523 2842 2560 2326 2290 2940 2328 2747
