2542 180 311 856 2701 2033 2065 3304 1353 710 2908 865 769 1922 2700 2510 2209 3180 2693 2508 988 2102 3001 2842 3375 600 2674 1151 1795 960 3252 2790 2576 1549 2504 3381 172 763 556 2686 826 2968 203 766 759 1305 996 2768 634 2297 546 1465 3345 2688 2502 1835 3096 24 1972 3496 2713 2565 2651 259 2403 3024 1166 2326 1808 2859 2546 1259 1384 2703 1463 2660 1585 3041 1098 2485 3031 1319 813 364 2605 2860
2544 3724 3839 2356 11 3541 2765 2328 2594 3392 306 3659 2257 988 3660 2651 3641 2653 2871 2210 2326 546 3375 3907 3026 3615 1462 2585 1305 2256 1549 3624 1972 2237 2170 2719 3010 766 3622 2713 1922 3906 2688 2565 2411 813 2504 3905 3904 3352 3666 3527
2547 1521 2932 2297 2951 2093 1808 1980 2299 1305 2485 2298 1835 2950 1035 2565 2768 2925 766 2949 2472 2223 2474 1814 59 2473 2791 1705 2948 1756 2830 1374 1286 1549 2371 2619 1922 1135 2646 1991 2256 2133 2557 1614 1769 1395 2504 2947 2186 2328 1151 2605
2550 3072 2485 2472 766 59 2686 3032 3026 2654 826 2674 3028 996 1549 1522 2565 1200 172 2371 3165 1031 1305 3033 2620 3167 2237 1814 1972 988 2118 2690 1583 2660 2693 2948 2688 2476 1608 3166 1166 1428 2474 1501 2236
2560 1236 1549 2655 2646 1608 59 2547 2595 2980 2830 1769 2871 2299 1808 763 2371 1980 2133 1357 2485 2411 1972 1374 2950 1305 2472 2565 1583 2740 1473 766 1267 311 2768 1381 2619 2298 2473 663 2093 2072 2674 1098 1705 24 1835 1585 1395 2560 2255 813 2780 1756 1537 2608 2135 2256 2368 1814 2557
2565 2560 2145 2988 1980 3291 4045 2688 2677 2326 29 457 311 4324 5002 3851 1621 2485 311 2379 5531 6563 6790 766 2258 2549 3304 3850 2145 306 2799 4828 2967 813 7231 2691 122 3032 2940 2691 7378 1367 1259 2368 3200 3353 3597 3660 72 3477 1935 3026 2485 3031 5998 1990 457 1198 6714 3026 6714 3457 2697 1098 5543 1210 3394 3032 6615 1549 2237 2932 3018 766 2102 3633 1608 3258 2713 2747 3394 2510 988 122 4138 2932 2713 2237 2299 6461 2371 2612 4152 766 3787 306 3560 3417 2967 7057 4142 3451 2653 2290 5800 784 784 4329 1951 3813 3457 6991 6855 3678 3528 6620 3388 3641 3724 2988 4295 4327 2102 2356 879 3641 2658 1166 1823 5773 3453 1487 3785 1549 854 2356 2707 3443 2328 3519 2713 6618 988 3009 5173 2974 3457 3806 1608 1875 2485 2747 2559 2258 2932 3354 2688 2989 3276 2688 3456 5173 1374 3724 2972 4326 99 1055 2326 7063 3454 2129 2326 1319 4065 3026 5800 5002 2859 4967 3754 3352 1596 1166 1823 2706 3794 2697 3175 637 1583 3522 988 2686 5821 4074 5524 2384 7052 4077 3897 3541 4124 1098 2612 3787 5179 5524 3457 2686 5796 1596 4328 2651 3258 2145 6299 2904 4879 4325 4647 3010 2653 11 6563 3453 2623 3567 5697
2570 11 36 311 1247 1267 1098 826 2297 1210 1103 1097 1151 993 1102 147 280 1717 2052 2069 215 2172 2569 1707 1522 996 2546 86 18 2174 2482 2133 2328
2571 2072 1012 2378 2069
2575 2574 1717 1549 2573 2240 2233 1166 2572
2576 4948 2967 3168 2951 1808 457 3956 3366 1374 4974 4824 3380 3436 5176 3636 1835 2516 2696 3438 2686 3965 5184 2688 2660 3242 2790 2654 3392 5606 722 4966 87 2474 5179 1305 4040 2691 203 3449 2326 5717 3796 1799 3260 4899 2502 1922 2258 2237 2587 1487 5263 2594 4662 2605 600 2547 2701 4187 2474 988 4756 2620 2704 2272 1097 3447 2972 3032 784 5180 2323 2713 2504 2594 3020 2507 3032 3641 3031 2651 2940 3390 708 2257 1549 275 2410 1098 2564 5714 3028 1470 3027 766 5175 4036 3437 3394 2674 2411 1395 5190 3568 2912 3274 1097 2504 3390 2657 2549 2793 260 1151 2703 3209 1367 3453 457 2485 3352 3439 2485 2115 3642 5150 4310 2674 2565 650 2237 5189 2688 3092 3296 3127 172 825 2257 4967 2502 2693 2653 766 3041 425 1749 2775 3202 3009 2691 1972 3519 3125 3456 1896 2565 2657 1133 5079 2174 4070 1608 826 3614 3786 3445 2692 3005 2102 2693 3379
2579 1000 996 2572 2116 2118 2231 2093 161 1756 2577 36 1470 2274 1496 1221 147 1124 280 1395 1051 290 2371 2256 1267 2133 2578 704 1608 634 1098 24 2120 1700 784 1549 1997 2550 1210 1730 766 2085 2516 2375 1006 1808 457 1151 1062 1603 1552 2367 2576 11 722 68 2546 2328 813
2580 1006 2133 2118 826 1729 1549 2416 2069 1794 1608 2274 11 457 996 2323 2169 784 993 2577 1769 1055
2585 2118 2237 1221 1783 1701 3290 3196 3622 3084 2923 1608 1767 2398 2653 3912 3315 2565 2871 1031 2618 3916 1972 2549 2323 2838 1236 2307 695 3541 3918 3127 2693 3392 11 3519 825 3024 2230 2328 194 2299 3799 1922 2958 2411 879 3192 1167 1374 2790 2746 24 2594 764 3055 1098 3647 988 1463 3404 3562 122 3724 3394 2174 3380 3009 3920 2697 2595 2114 3032 2504 3005 3659 3252 3350 2252 3568 3147 2688 2654 3477 3630 1496 2686 1549 3709 2326 2548 1522 2623 3439 3919 2704 2619 2700 3633 3375 2727 2651 3527 3028 3658 1492 3039 2747 3917 2485 2859 3343 2356 2713 1820
2587 407 2586 1922 2510 2133 1674 2118 2069 2233 14 2582 1835 1210 2093 1151 2371 1608 650 600 2584 2585 11 988 2578 24 68 2572 2256 1997 2581 1885 1549 1769 1667 2241 722 2367 1259 1062 1808 996 2583 1279 2435 1980 1135 2328 2231 2516
2589 6555 5800
2592 1470 3142 3453 2565 4653 2576 5142 4948 4899 3447 3456 4441 3637 4151 3032 4099 3614 2658 4045 4276 335 4077 2694 4342 4988 5009 5207 2285 4219 3796 3794 766 3352 2688 3026 4725 1151 5140 4483 2871 3449 5119 2702 663 2988 4846 789 4073 2237 5110 2660 4152 3463 432 4967 319 2972 2326 4587 3615
2593 2085 1608 2598 2367 1922 946 1769 1549 3056 3081 1075 1566 704 1236 2371 2940 3062 1608 1492 1098 2062 1997 1305 1547 650 1496 1000 2069 2093 2114 11 1210 2790 2133 826 3059 704 2948 265 2072 2688 2474 2565 310 2727 1537 2838 3084 1166 1885 988 2272 2472 1319 2631 2560 2365 2707 1977 1885 1135 2340 766 2900 3033 1374 1623 1137 2473 1487 1319 2328 2233 2510 2631 1717 2630 600 1566 2497 1428 2237 2063 2507 68 2485 2596 1820 1621 1552 2660 1919 1200 2476 2912 2646 1215 3083 826 2904 1062 1374 2690 2472 2093 2549 1922 1357 2257 1814 1151 2612 1549 2236 1734 996 1691 813 1769 650 1547 1991 3020 1837
2594 2585 2620 1583 2323 1137 826 2120 3339 3032 2932 1062 407 3081 2719 3256 2507 2237 988 3290 2651 3260 1496 2474 1707 3344 2510 1701 3144 3041 2686 3031 766 1622 1487 2693 1538 2062 2153 1814 2297 3342 3192 2332 2612 2831 3252 36 1097 1305 2653 1732 2707 2102 2368 856 2256 1098 1783 3110 3056 1549 2660 1241 2703 1169 2900 3125 2485 3300 1749 2209 1564 2230 1820 2618 2940 2701 2958 2713 1608 2326 1236 2700 2231 3275 2435 3005 3006 1992 2746 3073 3340 3024 986 2356 3020 2118 1521 2565 3039 2240 2605 1291 2688 2842 2576 947 2174 2365 784 1972 3343 2135 1552 3341 2145 1922 2497 1150 1151 1215 2376
2595 3519 3175 2967 2237 24 3402 2713 2290 2041 2746 3949 197 1967 255 3812 1492 813 2871 3252 203 3477 1734 3290 1522 3724 3276 4005 1542 3635 2485 2326 3541 1701 1808 2328 556 3961 2964 1496 3352 11 3567 2688 3291 1972 1353 2356 2700 2560 1075 3026 3624 988 2411 3999 14 600 3615 698 2565
2597 3349 2565 1009 3010 3439 3417 3379 813 988 2706 3560 2485 2290 2842 766 3470 3072 784 180 1496 1166 2623 2713 2693 2398 2326 2651 2542 1967 2328 2674 2700 68 1549 3477 3290 2688 2967 1972 2660 1305 3553 122
2599 1390 2865 1522 1143 1184 1705 1549 2072 2328 1305 2368 2133 1922 1133 2474 2840 2186 2009 1991 2256 1200 841 2473 2557 2542 1820 2792 2565 36 403 2375 2472 2768 2365 766 1583 1808
2604 2233 2093 1151 1210 432 2241 1585 2603 2367 1166 11 1500 1808 1555 1215 1922 1549 2133 180 1552 1997 2328 2072 1749 1608
2605 4310 2660 1549 2565 3390 2258 2688 766 1808 5184 3643 3447 5179 5263 2516 5180 2972 3813 2485 4040 3614 1335 4036 4967 3786 5181 3452 4824 2504 5188 5189 5176 3449 2968 311 3642 5190 5079 4276 5301 4070 5606 950 4653 457 1496 3453 3498 5185 4948
2607 2572 2229
2612 988 2375 1034 2688 1492 4065 24 3456 4142 4124 4123 3724 2967 3479 1385 3276 798 3630 2700 3568 2871 457 335 556 2972 3794 4358 879 3787 3199 3806 2237 2565 2713 4138 2651 2765 4273 1133 763 3454 348 2326 11 3451 3457 68
2617 2688 1305 1050 2565 1919 2871 865 2611 1608 2995 1419 2559 2507 2118 2587 2510 784 988 2707 1769 1837 2541 1552 1200 407 1885 600 1428 1135 2474 2578 766 2646 826 2114 2807 3006 2476 2976
2618 2744 68 2620 2072 2435 2740 2365 2557 1783 899 1564 2746 1538 1492 2249 2472 1200 2174
2619 2299 2509 122 2328 3682 2707 946 3028 161 856 24 3787 1305 2237 1772 2697 3392 2120 2815 3567 3961 2838 2398 2485 2686 3457 11 2326 2713 3454 3352 3317 1972 2653 3643 825 2474 36 3350 2174 3660 215 3842 3477 1769 2290 3144 1875 3751 2133 2651 2842 2297 2940 2065 1286 2819 3175 2504 2871 3624 2594 813 948 3479 1031 1492 1267 3958 3519 1487 11 2831 2859 3439 2072 3960 3527 1549 1166 2688 2972 3291 3752 3948 275 1549 3959 1891 3615 2674 2272 2700 3562 2619 3661 766 2322 993 2872 2560 3631 3854 3055 988 1885 2230
2620 6198 1247 2328 6443 5140 5697 6469 2299 1762 2576 6467 5584 4767 5246 2609 5998 6625 6626 2688 3642 1098 5802 6415 6605 6488 5189 6479 3274 1470 3658 5179 6314 1814 5177 1972 2376 6624 6483 1701 6217 4574 2831 4967 4065 2145 2686 36 6305 2174 4673 2605 5022 143 6118 5160 996 6272 1767 3439 457
2623 2860 2003 3402 3304 3284 947 1549 1151 2688 3018 1419 2686 556 1985 3381 2842 3291 3496 1980 1259 3504 2326 2651 1922 1374 1305 1487 1972 826 2713 2065 2674 87 1166 988 766 2908 3470 3477 3345 3404 2700 2940 3072 3020 1367 172 2703 2565 2542 3028 3056
