7874 6907 5804 7047 2689 5775
7879 766 4981 4788 6536 7614 6502 4441 1098 6907 5802 7769 1374 4786 1200 6993 7878 6068 7047 2565 4534 5524 3460 5590 1151 7877 7231 7080 4347 7052 6596 7768 4789 3088 2658
7882 7055 4441 7443 2576 7768 7884 7080 7086 4948 5775 6596 7386 4981 7047 5927 7231 6624 5563 7045 2565 6272 4632 1608 4884 3498 6993 5806 7883 7865 4661 766 5800 1374 2658 5524 5802 7769 6907 1151 5915
7890 1051 6780 6494 5998 2658 854 7812 4409 5254 5940 6596 4709 968 2485 7833 5915 6993 6976 7887 5529 5524 2226 2523 5775 4483 1385 6072 7047 7889 4948 5051 1473 7301 5773 3057 7598 2196 2565 5016 395 5489 6624 6443 3021 7888 1496 6484 7231 7744 766 6013 7886 7092 5053 1133 5103 7769 7052 1748 1151 4046 6029 4899 3545 6914 5802 7768 2110 7874 1374 6015
7899 791
7908 4764 6072 109 4476 5819 1799 7564 6624 2565 5553 988 5615 7057 5524 6907 6976 5605 2968 5166 4792 4981 7903 7578 7280 5102 7902 5028 2369 5454 1166 2831 5068 7906 5114 4187 5529 6596 4488 4632 5550 7905 7378 6570 5037 766 6241 7774 4335 5697 7047 4347 3293 3752 7769 7697 7865 2440 7901 5796 3958 36 5857 7685 7904 4964 3787 5872 3571 2504 3460 7900 2135 3453 7424 1063 6032 5802 7301 3983 6272 1374 5053 7086 4666 7907
7910 7744 988 7873 6624 7012 5178 7086 7950 7280 7882 6524 2410 791 2831 6596 1374 5177 6218 7949 2565 457 1133 7279 5096 2658 7052 6993 7769 1055 4353 553 7948 4788 3297 5915 1811 5454 7733 766 7055 7131 1151 7682 319 2689 5226 7727 7227 5524 6460
7912 2456 7052 6624 7253 7869 6907 3728 7047 6347 6445 4162 2851 5103 7818 1539 5822 1151 2565 2831 6460 4788 7911 600 4709 6993 7086 2658 4632 4441 766 5775 5915 7769 6596 1374 7904 7910 4447 4666
7921 5820 7920 7919 7727 6460 6889 6596
7924 8222 7047 2145 4948 5524 6272 7086 6460 8190 2565 5079 5551 6072 6072 457 6443 8046 7391 5524 5173 7744 6907 7047 7544 109 6907 8085 166 4409 8107 2226 5773 7080 4222 7625 7057 8152 5998 8053 8069
7927 6914 7768 6993 7922 7682 4347 6563 2565 5802 7792 2440 7877 5524 155 7405 1151 737 6692 6072 6445 1542 6924 4310 5445 7047 4441 2658 7924 7343 6624 4967 5775 7925 5529 6550 7904 2485 7874 7769 7080 6068 6918 7052 7873 7923 766
7946 7691 5446 7818 2258 6624 766 4347 2565 457 1748 2010 6596 1151 6229 5952 1701 7769 7086 7055 2658 3393 4792 1542 7047 7052 7471 6993 6072 3770 5173 2384 5802 580 4829 7945
7952 6460
