5253 5251
5254 2507 2693 6221 2851 3910 6577 5584 816 2752 6006 3345 1374 5810 5321 5814 3586 6486 351 5965 275 6644 2576 6323 127 6488 637 5011 5827 1133 6522 166 30 1074 6651 3636 5696 6479 789 6643 4630 87 5697 1847 5630 3088 5102 5188 2535 749 4712 5933 4221 5739 5796 2657 457 4489 5802 2145 896 5708 5028 2744 6467 5822 5526 3456 5657 1166 546 5817 2790 2135 5430 5317 4792 3960 5150 4310 5655 3568 2905 2680 4687 6645 2160 6647 3340 6298 3813 5404 6654 72 5940 5181 6494 2369 5932 5179 5531 4297 109 68 2688 3459 6134 6208 6510 5185 2620 6483 6652 5022 1603 5002 3032 6327 1008 4036 311 5079 6305 2276 6649 5262 1717 5999 3270 6608 2381 6359 766 1733 4144 6325 2727 6243 6220 6653 6650 1796 854 2972 5819 5524 3498 3603 27 2623 6223 6646 5839 3787 4795 996 4764 6648 3084 4536 6501 5196 3453 4717 4982 6443 44 5017 4767 3786 2240 265 5273 1762 58 6272 4967 791 5741 383 3381 6563 5532 5998 3439 4483 1042 5871 5591 5823 5862 5177 6552 1210 3631 3522
5255 6656
5260 4653
5262 6223 4632 4483 3449 1207 5427 5829 5457 5053 5531 4353 6126 2688 1133 2774 6020 5226 3568 5182 68 5543 5110 2972 6043 5022 4924 3032 5721 2988 4041 5697 2376 3447 825 3642 4045 5177 5079 2507 1041 5739 5524 3274 1542 3459 4550 5089 6221 4967 457 1915 4828 5818 6222 5189 5171 4063 5630 3297 2831 2237 1823 6200 5487 6075 4310 5796 5871 4899 766 4964 4099 5768 5814 5839
5263 5630 4828 5739 5110 5722 5188 6232 3787 5972 996 2549 5022 2744 825 5738 3642 825 5079 5182 5691 3483 1393 5176 2790 1374 5179 5720
5273 1796 766 2516 5802 5697 3447 5796 546 5934 6305 2688 2258 6458 2585 5818 3995 5188 5531 3642 319 3453 5819 1166 1063 5543 4310 2145 2456 4964 2972 5655 2657 5079 5998 4764 457 5816 4717 1972 5871 4967 4792 6217 5857 1151 737 4673 6479 5423 5002 6486 4045 5140 5301 109 4335 5524 2775
5285 5516 4298 2144 1549 1990 1137 5173 3088 5011 3375
5288 3656 7080 5189 5282 5284 5796 4431 1319 7099 3787 7193 4455 5102 2737 5281 2851 5188 4488 5697 1374 1549 1982 2871 6889 2688 3478 4310 5531 3642 3762 1210 4036 6620 1496 3191 5773 5775 143 5280 2585 5814 996 1608 4045 3457 2565 2851 5280 4189 634 5281 2565 5582 6815 7192 68 3786 3965 3666 4824 310 4353 4795 371 6906 3919 3571 3227 6624 6377 310 1549 5179 5285 308 3691 6665 166 1055 6305 5772 634 5524 5283 3845 6615 737 4948 5013 6692 3381 6902 6991 371 4045 457 5692 5285 4712 5286 6907 5802 1133 996 1320 5233 3656 4632 2658 3527 3449
5289 7092 6902 7501 5822 2485 6916 7502 3381 2565 4046 7503 5079 6241 5196 4879 3460 6875 2658 1098 5445 5524 6923 457 7086 5806 3293 6714 6347 5529 4824 5872 7052 5446 5655 6624 5189 7055 7231 5802 4437 7057 6486 7379 3457 6946 1151 6280 2264
5295 4221 5273 6327 4686 5185 2688 457 6346 5773 2565 5524 5037 3691 5410 3447 3792 6421 398 5543 5824 4829 5531 6620 6359 109 5140 5812 3642 3877 3456 5796 5532 5871 3641 879 5818 5697 5811 6595 6552 3381 6615 737 2972
5301 5110 5121 3452 2605 5176 5908 4310 3796 3449 1737 5839 5909 3459 5705 738 2549 5022 5877 4136 5697 5334 1166 5787 5262 3394 5829 4967 1667 3958 5819 4824 825 1374 5741 3642 1542 5608 5457 5504 1522 2667 5907 4483 5531 5691 5647 5189 5079 3227 5396 1133 4045 5524 3465 4899 4574 5419 5321 4598 4219 5187 3854 4748
5303 5008
5305 5312 2576 2621 1004 1004 5841 457 2369 1922 3447 1335 5840 5761 3787 2972 5263
5308 4448 1542 4686 4653 3863
5309 4448
5311 2760 4948
5321 6772 1374 132 4310 4824 4828 2369 3787 4550 5295 2565 1888 3459 5263 3965 5187 3956 6522 3642 2605 5446 6377 5445 5606 5796 2688 5584 3786 737 6443 5816 1524 1166 6305 3787 72 5531 457 3191 5625 5818 109 6615 5439 2240 5697 6714 6736 5857 425 1762 5254 5189 5741 3641 5626 2544 3641 1098 3786 5427 5189 5624
5323 4938 3634 5296 3666 4219 3032 1972 2485 5008 2790 5110 2299 1381 1374 6 1542 3191 4550 5324 2778
5326 5176 5317 4948
5327 4948 2369 3787 5096 5189 4632 3449 5324 4982 5079 3457 5317 1972 4653 4829 2688 3806 5029 20 3728 5328 3032 3960 4353 5110 3666
