5092 2237 4442 4899 1542 2689 1133 766 3457 4632 3352 813 2702 457 1922 3392 4846 2565 1795 3452 1661 2658 5089 2935 1374 2504 11 2972 5043 4509 4441 2326 4756 2688 4686 3796 4211 4428 4219 4988 4967 4342 5086 3402 2988 4725 5091 3614 1700 3453 2651 2967 4563 4045 5088 3660 4829 4673 663 4943 3456 3455 5087 4948 4982 2699 3449 2145 4964 789 5090 2118
5096 2565 5802 7086 7047 4310 5189 2658 4532 7882 109 7808 4948 5553 5080 68 766 5800 5524 7405 7975 5068 7865 2485 7675 5070 4795 5166 6596 7026 7570 5543 7280 7578 7775 7948 7055 2560 7818 7021 7974 5178 7049 737 7976 5814 4598 5342 7964
5100 3453 3238 2699 4967 789 4151 5079 4442 4976 1608 1151 4536 3830 4441 3614 3728 3666 5095 2760 5097 3445 2688 4632 4371 3386 2651 766 5016 2485 3449 4509 3034 1915 4899 1691 173 2855 2326 2109 2264 3455 3456 4354 1835 4964 2967 813 1133 2065 5098 4295 2565 4077 2775 1748 3404 3956 4070 1166 2135 4943 4045 1549 2689 11 457 2972 4099 4686 3796 1767 4710 993 4948 1210 5096 4982 2237
5103 4432 2680 580 5655 4967 5102 2702 2688 3459 1720 2667 813 1133 5189 6043 5796 6075 6007 5543 5531 6073 3642 5787 2037 5596 3614 3641 5176 1542 4824 1667 5179 2932 2186 634 4045 5922 4899 1401 3586 3449 766 6074 3643 5106 5857 2485 3571
5106 4964 4329 4509 766 3449 3402 3007 3463 2565 4725 4077 2605 5104 2658 1688 4988 2688 4966 2485 4846 3571 2972 2967 4070 5102 4441 3452 4673 3813 4055 270 4076 3614 4764 3404 3456 1915 4859 1496 173 4948 4219 2953 3796 634 3447 935 1720 4967 5103 4899 4045 2326 1722 3453 5105 1286 2871 4686 1922 1133 580 2384 11
5115 4982 4151
5121 457 6135 5543 4598 2774 4967 5796 5079 1915 5301 6133 5696 3641 4045 6001 1133 3452 6075 4041 3615 4632 5531 5189 5630 6134 5524 2585 2623 5932 4894 3642 6108 1151 5022 5179 3614 4335 3919 6043 2258 6094 2667 766
5123 2775 5177 3345 2686 3586 825 5176 5180 5873 4040 5189 5769 5543 4632 4899 3910 1374 4795 4717 4099 4647 2660 4718 306 5037 5827 4764 4824 4013 68 5070 5855 5110 789 5877 5226 5198 5187 5339 2667 1701 5190 4828 5707 5262 3274 5884 5110 5829 3092 3002 4550 2369 5647 3449 3642 4063 4712 2909 4894 4662 4653 3456 3796 2774 5691 1542 5360 813 5531 4045 3447 3743 3274 2688 5437 5176 5079 5899 1549 4212 4483 3000 4310 5185 766 4967 5217 5182 1133 5697 5903 3976 5902 1374 3614 4974
5130 3258 1823 3453 11 2516 4563 457 4948 5122 3568 2566 2972 5020 3796 4527 4212 2871 766 4073 5008 3449 3456 173 5050 5111 4076 3352 4725 3479 4974 2237 3965 3010 5123 3110 5079 305 2145 2565 1470 2118 3956 1922 5125 5121 2688 789 4077 3615 4859 5124 3666 4441 1623 5078 5119 432 5126 4899 2651 5009 2790 2658 2693 4045 5110 758 4219 4686 3394 4967 4587 3402 3660 2967
5132 2972 1847 5110 3456 2967 737 3449 766 2658 11 4441 4076 4045 2688 4899 3615 4725 4219 4222 1922 4563 5006 5119 2565 3813 816 3660
5133 4592
5140 5802 5709 5439 3658 457 5998 4813 1074 2037 4899 5022 4673 5531 4967 136 5796 3453 3227 1542 5189 5188 4308 5811 5177 5582 4073 1623 6305 5524 5316 5819 6507 6508 2972 4045 766 6506 4441 109 3642 6509
5144 4276 2658 3449 2485 4967 3456 4725 2565 3274 4219 5142 4152 580 2972 36 3519 2693 737 4982 3453 4144 4936 663 2688 3092 4448 5140 1467 2871 5138 1542 5141 5008 3447 5002 4948 2003 3995 766 1891 4899 5126 4929 4993 4441 4859 5139 11 4974 2747 2831 5110 3796 4151 5119 4335 4295 5079 4045 3459 4652 4547 4966
5148 7026 7745 4483 7045 7741 5998 762 1374 4792 5802 6907 6596 4948 7231 7352 3787 4441 6032 2576 7056 2565 7049 766 7047 7055 6615 5002 6523 2299 5524 6774 5079 7294 457 5103
5155 4483 3995 1042 1972 4355 2909 5455 2237 3614 5472 3449 2689 2972 5176 789 5190 4899 3459 766 5296 4824 1374 5184 5473 4310 4712 4686 4829 3452 2688 4550 4138 4828 3634 3798 5285 3786 5189 4077 5382 3498 4353 5029 1305 2135 3456 5313 122 4967 2889 1542 1549
5162 2237 5160 2009 5166 996 5158 4818 4219 4653 5163 3035 762 4948 2085 3449 2658 2384 5016 5155 4966 2092 5154 5161 4853 3871 831 4308 2095 4938 1639 4693 5159 5110 5164 2011 4821 3787
