1230 1891 173 1286 1549 1555 311 1166 1822 1857 546 1352 290 1899 1236 710 1921 1062 1496 1357 922 1808 993 407 11 1480 1521 1278 1167 1350 59 1615 1210 805 1594 1137 813 941 1151 759 826 1922 457 1492 1756 1003 1608
1234 1167 1279 943 311 1447 1471 1204 1510 1502 710 1497 457 1483 1357 109 317 1230 1555 1424 42 376 993 128 1442 1439 164 1241 6 870 1306 312 306 1151 1377 1305 1290 136 1380 24 86 90 663 36 996 941 1006 1352 1470 173 707 176 1542 1135 722 1297 1489 1278 1129 1005 978 1537 1236 922
1236 173 1538 691 47 922 1489 1221 407 1439 1614 993 722 1424 1555 311 1492 1352 1279 1583 1151 697 1319 1395 1610 306 1594 1589 928 1055 1613 1357 310 1248 1386
1239 2700 1305 553 4078 1838 2326 4073 3682 2328 3724 3814 4120 2859 3541 2485 1972 4119 4042 2693 4123 4036 3478 1990 2118 2967 749 3798 122 2871 993 3985 11 1151 2560 1552 4124 2707 766 4076 4065 3392 3658 2565 813 3645 4169 3032 3352 4128 3439 4138 3642 3568 3625 2972 3714 2688 3454 3949 2964 1133 2713 1097 68
1241 1129 171 6 457 663 1242 311 986 33 1248 971 784 789 12 982 312 1111 871 1264 1167 1245 742 11 922 704 1252
1243 2323 1977 993 1111 1603 1230 2133 904 1470 2102 1210 1608 172 1585 1166 2240 2062 311 1151 922 691 1888 1772 11 996 1919 2255 1032 766 173 1549 1395 789 1062
1247 3483 122 4036 1697 4353 4077 4041 5391 2972 1972 4550 2565 5432 4276 2688 3026 1374 457 766 3614 2135 5079 1549 3624 4441 789 996 5110 5020 4829 5243 1055 5189 3191 1097 1470 3315 5176 5431 5184 4967 3453 3449 1733 3352 3666
1248 1428 1538 998 769 1471 707 1129 6 706 852 1006 922 71 1352 290 166 304 813 1587 87 173 1395 1055 11 789 1297 1608 86 113 1151 1350 47 249 308 1594 1549 1585 312 1487 1525 1615 145 75 1133 1279 1373 1496 870
1250 766 2462 1756 2398 2085 2371 2510 2482 946 2069 1395 1766 2172 2133 2233 996 310 1267 2093 1674 1166 1062 276 2274 2375 2343 1982 2231 1335 1202 432 2332 24 11 1151 1608 722 2072 813 280 988
1253 1380 1386 6 946 306 634 1610 1167 707 1395 1350 1202 1135 1594 173 813 1335 1221 1236 1377 1306 1525 1441 697 11 1211 1605 1278 826 1538 941 1381 1471 1000 1520 1357 1247 861 1034 1374 1319 1615 1352 1604 922 769 308 1492 1608 1487 1496 1201 1489 1279 1480 1582 712
1259 1204 994 312 1267 335 1062 11 697 1201 643 1221 14 784 1193 946 315 41 171 1245
1261 1260 971 1242 1525 1496 1055 1549 1756 371 1129 1165 1769 918 11 1522 1319 1211 922 1114 1521 1483 1201 1291 310 707 1717 1350 993 1352 343 546 1236 311
1267 173 1614 2565 2473 1820 1395 2618 3225 1496 2135 2653 826 1032 2688 2485 3062 996 2234 3006 3031 3227 2474 1972 988 127 364 3197 1211 1135 319 3228 766 813 2510 1707 2236 710 24 1521 3226 2009 2062 3209 2900 310 3020 3095 1042 2472 2274 2686 2660 1322 1549 3180 2357 928 3199 1608 1982 1319 2964 763 1279 2003 1991 2690 2014 3108 1200 2542 1204 2696 1967 650 1374 2674 2654 2297 2704 1062 172 2958 66 1922 1811 2371
1277 1276 1275 1272 1568 1274 1207 1273 405
1279 312 826 710 1211 1675 706 1614 1350 1135 1674 1492 1594 1496 1319 1377 1463 1473 1676 643 87 311 870 1128 1278 1608 308 166 1526 791 813 1622 1525 1571 1647 1677 872 941 1615 46 1582 1357 1024 1428 173 1549 1489 978 1236 143 1471 1630 1151 1487 72 993 922 317 154 1521 1055 11 1483 1585
1282 686 1062 41 1221 1281 457 11 335 305 705 715 1271 1133
1284 24 74 922 311 1975 1286 1585 1919 290 1166 1395 971 937 1717 407 1202 1899 1552 1378 1050 1978 842 813 304 1221 1976 1463 1965 1769 163 1608 1549 1184 1137 1428 47 1135 634 1473 1808 1977 180 1352 935 1792 1480 546 1492 11 1962 1210 993 1639 457 270 1151
1285 1688 1352 205 1976 1838 1335 1267 24 2115 457 310 432 1284 11 935 1615 1997 2063 2072 813 1549 634 173 1720 1166 1965 2062 2118 311 1286 1395 47 1374 1350 1966 2138 1151 163 1552 993 270 1707 407 1808 266 1967
1286 1241 334 125 1204 922 1242 1006 710 1135 47 842 1246 634 715 1210 1167 941 1137 1279 1062 844 1284 311 171 306 1230 255 986 457 1129 1211 993 1278 935 766 317 871 1285 28 1114 639 1245 650 312 173 587 11 163
1291 2476 2822 2654 1202 766 2186 1972 2256 2559 1419 3006 2416 2768 1608 2237 3017 2371 2485 1098 1537 1552 813 2560 1236 1428 841 2815 2114 2647 996 2473 3010 1166 1424 1820 988 1395 2102 1024 2072 2646 2565 1203 2947 2133 122 1991 1814 1549 1062 2236 2474 722 2674 1357 3024 2255 1922 2612 1305
1296 635 317 813 1316 1305 1318 715 173 312 706 978 1314 1133 432 634 1259 1315 11 1221 1319 319 36 650 904 1062 545 922 315 339 1317 996
1297 978 2510 710 996 1424 2967 3725 1382 1335 3528 36 978 306 3518 710 1610 1471 306 1210 928 993 457 634 3032 941 457 1380 1129 2697 126 1442 86 1571 1374 3309 3189 171 312 1305 1424 852 1482 1538 290 11 993 2135 2323 280 600 1615 546 2062 166 2290 71 1248 2688 2790 1230 1549 2256 1034 1193 2686 3343 2595 2507 1248 1055 308 127 232 3525 215 1700 1097 2240 810 1496 182 3571 704 1037 1129 2651 308 920 24 1236 1202 1293 2237 2328 6 1248 3724 1129 2193 143 826 290 1006 1241 1236 2657 3026 166 313 1487 1031 3731 1836 996 1428 310 2435 1259 1377 1644 879 1705 2314 113 707 3611 978 1290 86 2747 2382 290 304 3508 143 1555 71 922 3306 707 308 1717 109 1247 1766 2171 1390 1585 1622 2594 1428 172 1997 87 2900 308 371 1234 3481 3478 6 313 3728 3275 2065 306 2286 908 1374 1279 3055 647 1470 291 1608 1608 306 1622 1619 1492 1811 310 3729 2003 3723 304 1492 545 1608 2653 1441 1042 1972 1247 710 2565 1470 317 1352 35 1487 11 946 3560 1133 3378 36 2411 417 706 173 1707 457 193 3084 1717 313 1483 11 3088 3730 311 2838 166 3010 1278 3031 313 2297 1380 3392 1134 1496 974 813 1055 813 371 1549 1137 1055 3024 21 1377 3727 145 959 1278 1749 36 2099 2133 6 1380 11 3034 988 1247 707 2576 2674 1395 2541 1151 407 122 1820 1350 1470 3039 1471 1279 407 1055 1352 2382 2258 2160 2230 3630 15 1549 3726 2774 2326 1756 47 659 826 1151 710 650 1594 2713 3301 3562 2791
1300 47
1305 4748 363 3447 4663 4036 4760 4725 4415 2565 4070 1285 4937 4818 3453 3787 2651 4681 4686 766 4483 1661 3462 879 3192 4688 4574 4219 988 90 4893 2658 182 3472 3969 290 2674 3455 4044 4077 4045 856 4255 1166 86 2560 3677 3394 432 3976 4144 4894 4222 3452 1024 4065 2688 1133 4756 2972 3454 4932 2913 2237 1204 3457 3603 3402 2967 2964 3456 11
1307 2967 1203 2485 3024 4092 988 14 4073 1427 166 3479 36 546 1489 4091 2653 1748 4089 2326 1306 805 308 3729 29 11 2871 3728 3568 47 2240 766 2290 986 87 1143 1549 2565 2379 334 3005 2964 1301 3631 1496 3615 689 2297 2542 3660 1358 3691 4090 3010 2713 3026 1430 585 3872 3168 2872 465 1608 1972 2474 3641 20 2091 1024
1310 4045 3456 4065 3027 4574 24 742 3603 2972 3454 2693 3877 4937 766 4982 2967 4977 3452 4748 4187 3352 4963 4712 2909 2871 4981 2326 3976 2688 1470 2557 4036 4948 4725 11 3449 825 3453 4978 1133 36 3614 2565 2774 3455 749 600 4688 4980 2517 2115 3402 3073 3787 4983 4682 3447 457 371 4859 4979 4813 789
