86 193 556 138 910 87 36 730 695 597 89 620 334 312 870 111 502 915 898 813 916 633 479 311 205 794 336 917 583 8 21 439 59 340 351 759 852 488 600 128 896 339 29 895 304 166 151 788 689 499 920 6 674 321 94 9 376 80 722 766 90 269 371 308 919 673 139 25 55 173 918 859 306 98 913 707 348 905 787 28 659 639 130 310 644 586 865 921 48 71 626 216 126 231 749 738 742 11 663 74 909 733 530 912 187 182 911
89 6 19 26 36 138 10 65 5 58 162 20 21 72 155 8 11
94 331 302 113
105 20 92 490 488 10 21 458 473 42 489 29 11 15 56
108 95 3 17
127 23 68 8 33 58 6 11 29 47 5 128 17 39 28 14 26 19
132 28 143 136 46 24 6 67 20 35 26 282 138 19 257 231 180 283 27 280 8 10 276 58 113 241 11
135 342 344 10 21 17 324 339 329 341 143 23 140 340 39 35 26 180 187 20 27 343 6 221 337 9 8 202 55 177 336 338 47 28 133 179
140 339 27 47 205 41 157 418 8 20 29 326 6 33 383 113 26 21 410 282
150 29 28 265 46 104 205 86 21 8 556 87 80 236 564 136 615 339 14 24
151 597 8 164 340 87 35 273 26 80 47 11 412 341 41 6 71 598 426 89 336 138 29 236 154 599 28 20 9 586 19 19 335 430 29
152 122 158 197 166 26 8 127 36 25 130 578 101 47 55 280 38 576 3 15 224 75 326 275 365 59 165 28 56 132 205 35 39 497 46 14 577 27 29 426 104 66 113 575
153 93 5
154 11 161 87 29 6 74 26 10 58 8 28 75 176 50 44 19 47
155 5446 3274 6772 7055 2481 5179 4036 7569 2565 6914 6907 5445 7344 6934 7225 5531 3586 2658 766 7570 7057 6619 7262 7227 7378 4632 7052 6766 6713 6714 3642 5173 2778 6461 5524 7350 4926 6759 7231 7294 3787 5821 457 7090
163 8 5 11 47 138 39 10 58 28 26 6 23 19
