6481 3642 6216 6006 4099 457 1951 5079 5697 3021 6447 1542 766 5189 6323 3459 5423 4483 4632 3634 2516 2547 2037 6023 4073 1074 3015 6424 109 6480 2621 5551 5802 5857 5796 3969 4813 2972 3453 3447 3586 5439 5185 5714 6305 5582 4673 789 4899 1151 5524 3456 5817 5002 4045 4948 4310 5177 1733 4967 5531 5171 4828
6491 1074 6749
6496 5857 6016 3345 6013 3985 1800 2693 5796 5524 5582 1767 11 6347 3969 4162 1166 2565 5697 6490 177 5596 6359 4409 24 5188 6485 1623 3642 6270 6015 2135 3508 5254 4967 457 6486 6488 5166 1701 6007 6217 5940 6491 5053 2940 6082 6493 1374 6179 3453 5185 5316 1319 5553 6006 1051 6487 766 1151 36 6097 6489 5178 5423 4045 6483 6484 1074 3456 5802 6494 87 1542 6495 5696 1688 6299 5999 1267 5531 6492 6241 737 854 3965
6498 1074 3456 6068 5123 457 996 5193 4175 5814 122 29 3381 5796 3641 5028 749 172 3348 1644 3345 1210 4899 136 6497 3027 2145 5812 4687 5531 4813 2174 2381 6447 4632 1051 5022 4673 6428 3691 5811 5439 6305 993 4712
6501 6272 5002 3439 4712 5796 5797 5103 6359 3032 6314 5531 5862 5857 3642 1990 3586 5185 2688 5697 3462 4967 5802 5805 3381 6605 2605 5188 766 6327 5022 1972 6447 3447 5839 4673 2972 4045 5524 6243 1074 2674
6503 29 4828 6934 7335 5103 4915 3642 6755 5524 6486 6327 5822 6976 7281 5188 2972 6907 2565 7327 4814 6305 6665 6359 6714 2249 6906 4725
6505 5193 5524 5802 3642 766 5816 6093 68 5177 136 4099 5998 1796 6006 319 4967 6270 4673 6299 1542 5839 2688 4045 109 5822 2972 2493 3956 5796 1166 5821 4441 3585 6320 6241 2940 457 4483 5185 789 5697 6305 5630 4960 5301 3447 6504 5531 4813 1074 6323 6271 3457 4653 310 5582 3586 4073 3453 4976 5079 5196 5819 5655 4310 1951 5140
6511 6510 5819 5022
6523 3310 2576 4550 6883 7378 6620 2560 7294 5932 7047 7056 5915 4598 6615 3456 7715 5932 109 6421 1055 7231 4441 5871 3642 5872 5802 6552 5189 3456 5839 5524 5871 3310 7717 6043 2565 109 6367 2565 5179 5079 7391 6305 4310 1374 6907 5811 6560 2623 2658 6714 5022 6510 7055 6299 5524 4967 6272 6596 5697 6555 7614 5173 546 5177 7716 7045 4632 3642 5820 5800 7086
6528 3453 1542 5802 109 1074 766 6305 4967 457 5524 5582 5731 5188 6323 5612 5753 2972 6023 5531 4045 6527 5125 4441 3642 4065 5816 5022 5140 5177 1151 4673 5796 5697 3345
6529 6460
6532 3835
6552 5022 6217 1972 5822 5697 5140 3642 4967 3965 5531 5079 6479 4673 1796 1990 1470 5796 5857 5188 6305 1151 2576 5524 2605 1847 2855 109 5807 5102 457 5002 5998 4045 6170
6553 3985 5262 5531 5193 6460 1783 3522 5189 5022 2660 5612 1734
6554 6555 6503 6272 5582 4967 3642 6223 3027 5188 6165 6460 457 3958 5739 766 5140 2264 6248 5753 5811 2972 4899 2145 5697 3453 4673 5998 6346 5103 6447 1074 5022 5802 4045 5816 5524 4441
6555 6914 7614 4661 5166 6596 6993 1151 7666 6624 7280 4717 4483 1374 7052 7047 6494 113 7225 6032 4981 5524 6941 7744 5655 5188 7733 6702 1691 1098 1548 5800 7851 4948 5915 6523 1374 7294 6772 1542 7227 6241 3447 6316 7080 4441 4632 2981 7766 6951 3586 7829 5802 2565 2620 6323 6359 5103 2658 5079 6218 7150 406 766 5796 7057 7279 7390 7335 7679 5445 109 6907 6460 6638 6924 5189 3404 7544 7850 5002 5524 6398 7266 4310 3916 7063 7132 5173 7792 6619 6790 1799 5022 7131 7598 6299 7049 2452 7849
