7478 1542 6646 72 265 6097 2276 1098 3683 3787 6907 6635 7086 2258 766 87 6758 4598 7080 2285 1055 30 3642 5020 7468 6900 5988 909 5189 4739 5524 4532 6221 6779 6180 5823 2658 1769 1549 7469 3027 3381 5821 2485 7470 457 7236 5079 7055 2062 3600 2565 6714 7260 371 4124 3032 4712 3910 1385 5531 6615 7057 7239 5816 6229 5543 5201 3498 6272
7490 2276
7491 6460
7495 7494
7497 5173 6784 5524 335 7086 4310 3642 3787 2658 1995 6460 6907 7045 3691 6934 6123 5806 7239 1055
7498 6460
7510 5472 7109 2658 6907 3460 5531 2565 7294 3447 6624 5524 7509 6714 7281 6323 5857 6976 5806 7401 5529 5802 7231 7054 7080 7055 5103 5998 5775 2774 3381 7057 5543 1374 6914 4981 5822 4221 7225 2485 6006 1549 5872 4632 6619 7052 7455 5655 7092 766 3642 4948 6443 5816 7086 4709 6272 7063 5815 6415
7512 2369 5524 6714 5446 5103 2565 7476 6784 7511 1374 5173 7055 5531 3381 6934 5386 3662 2658 7086 3658 7057 6766 6624 7471 6280
7517 6221 737 6305 6064 2936 3787 2565 6443 5179 8133 7053 7677 7865 7900 2240
7520 6714
7529 6627 7113 5524 7090 6934 6619 5806 3787 1374 7080 7379 6618 5173 5800 3381 6945 5103 7527 7096 7057 7528 2658 6624 7233 7237 2565 7236 7281
