7544 6043 5103 4441 7614 5800 1374 5179 6615 6229 6596 7502 3787 7352 5927 7047 7045 7057 7231 7052 7744 6032 2565 457 7391 5524 6914 6945 6510
7553 3142 5998 6560 7239 7968 6914 7236 5524 6414 7046 8152 7043 6907 7063 7005 7131 7449 4483 7400 4483 7086 7884 6907 5814 8107 4828 5079 8053 231 6555 6299 5524 5162 6875 6774 7391 7357 6560 2328 5529 4151 7425 1814 5173 7052 5796 5806 737 6316 8189 5103 7901 667 7409 5002 6032 5871 4879 7545 7047 6618 2851 7744 8193 2851 7727 5998 7393 7391 6914 1982 109 7226 3456 5002 6032 5802 136 2544 7502 8222 3631 4981 5800 6272 6918 8036 7053 2223 8214 6619 5179 5802 3969 5173 6323 2565 7775 5814 1982 7378 5489 7092 7733 6518 7053 7229 6618 8085 4110 7544 1896 8238 7546 6486 7386 6714 8051 8134 1098 7967 7350 5776 2565 103 7387 5188 1098 5872
7557 5524 6941
7561 2485 2371 6766 5102 457 4398 7086 7092 4967 2658 7241 6714 7052 4948 4879 2833 5857 7055 6624 4447 3457 766 7046 7348 5802 2113 7132 6934 5196 3634 5922 6875 7350 6907 6221 6804 7239 6941 6618 5872 7057 5796 5531 2387 5800 7228 7054 5053 2565 1374 6241
7567 7371
7574 7900
7587 5199 3498 3787 425 7134 2135 335 5179 155 5806 749 6510 7378 7239 6151 580 7586 2658 6941 7057 7092 7131 7564 4632 762 3691 4310 7026 7178 6486 6945 3642 3032 5524 6934 265 7279 1374 3310 7231 3586 7585 5140 3723 1811 4712 633 6299 5814 1722 2452 457 3227 4981 2297 4879 1098 7227 3910 6916 5053 6624 6443 7054 5871 6218 6414 5872 4036 6613 7113 5531 6596 5103 4828
7588 5524 5524
7604 6618
7618 7405 5103 4310 5028 4717 5102 7569 7052 6494 7564 6596 6032 7056 7593 6624 103 7350 1098 7055 7490 5524 6280 5872 4632 6665 5189 5802 7045 7362 749 5529 2694 5814 737 6907 7092 7588 6714 6941 3458 2940 6563 3381 2565 7231 766 4441
7620 7727 737 5999 5015 762 5053 5179 5524 6068 6323 4662 7900 6714 3142 7378 5102 6552 7063 7280 5819 7005 8069 5028 3032 7615 4441 7390 7579 6676 7884 7391 5524 1098 5810 68 2658 3032 7378 545 6596 7294 5295 6665 7810 5806 7231 7057 5179 5802 2908 7616 5814 6736 3456 5814 1621 762 6916 5053 7057 5177 5002 1374 5800 6323 7444 2174 6907 4441 6272 1374 6523 8156 5839 5839 2694 4162 7617 4297 7228 8157 7046 2576 136 7964 6510 6613 3965 5871 3456 7616 5768 7511 3642 5928 5246 7865 7045 7733 545 7056 5254 5295 1098 7239 5802 109 7907 2369 2240 6618 2958 3787 7744 6272 8041 6221 7236 5173 3642 5697 7176 6241 7055 6280 6934 5177 7080 6151 7086 6885 7294 6218 5697 5254 3392 6784 7055 6241 7609 7755 5002 4297 8152 7597 6596 7597 7054 4347 6218 6414 6865 5800 6299 6900 8155 5871 7614 988 3601 7062 7238 6563 1982 5796 5952 2565 7047 2565 3394 6552 5404 1816
7621 7621
7624 4966 7593 5189 6494 7614 2565 3238 6941 311 4441 3404 2485 7055 7405 3969 7520 3453 2658 6216 7564 5053 7052 6907 4483 7238 6624 5551 7045 7080 4632 766 7569 6596 6502 4829 4974 457 7092 1879 60 6123 6151 5524 6665 6766 2456 3381 4604 5872 7231 7492 5802 948 6619 5103 7588 7350 7554
