5922 311 6421 1374 1720 6875 5817 5773 2851 6068 6494 6518 6616 5998 6360 5106 335 3813 3764 29 6620 6305 634 5524 4828 5103 5582 3381 5173 3835 3032 3614 47 4967 2565 5188 3571 5391 2485 737 6934 6615 5102 2677 5807 4422
5925 5916 5188 2485 5207 5707 1286 1720 5824 4432 5877 5784 1522 4967 3900 68 5868 5437 1133 5921 4398 5543 4824 5180 4045 5923 5922 5187 1542 5920 4662 3345 4353 5002 5697 4948 306 5176 2688 5110 5924 5184 5919 4041 3634 3142 2387 1722 4447 1079 4036 3571 5189 3642 766 2889 5185 5106 813 3614 2686 634 4899 2258 3449
5928 1542 2831 2688 5427 5927 3642 3634 1041 722 5796 4441 5804 5824 5110 3092 5787 457 5624 127 3568 3449 1623 5038 5008 5187 4136 2549 5189 4686 3958 5909 5176 5877 4036 5180 4314 4967 4310 1522 5915 5437 5783 306 5697 1247 4045 1133 2822 3028
5932 4967 2677 3381 3965 6270 6619 5773 5524 1166 5802 5814 4045 457 3447 5582 4310 6523 6649 5188 6560 5655 7052 6620 5059 766 1098 5800 6443 4437 6913 5998 6006 6327 5697 4065 2565 6618 3032
5933 7769 7055 4829 4347 7047 5915 457 6993 6305 6624 6596 109 7914 6445 7691 7052 4632 68 2565 7080 766 5524 7770 7086 2658 1542 1374 5053 7744 6272 1151 5800 7057 4795
5936 2667 5928 3786 2274 3449 5741 5658 2480 4967 5125 5809 4632 5862 2702 3728 136 5783 971 2744 3666 4036 5189 6023 1733 5644 5796 1000 122 3498 6022 4828 5022 3787 5809 5102 3642 5262 5862 5684 1133 2387
5947 5934 5945 5189 5524 4733 1808 5396 4136 4441 1374 5543 5079 4587 5324 5705 3274 766 5787 4632 3614 3404 3015 5022 1542 3796 5445 3965 3995 4310 4981 5946 5531 5110 5207 5739 5437 306 3452 3922 5180 4824 3456 3449 1496 2102 5226 4899 3642 5427 4662 5184 1151 2516 3666 5262 122 2258 3445 5944 5185 5177 4045 4764 1133 1549 2883 3209 5176 4967 5871 366 5684 5916 5697 3458
5950 6608 4795 5811 5817 136 5079 6219 6460 6605 5022
5963 5196 2667 2258 5961 2135 5153 5139 5945 5553 3691 5180 2001 3813 3787 5022 5140 5890 5190 825 3796 5946 87 5817 5093 5662 4899 5263 5551 5702 5770 5361 3452 3522 5110 1037 4767 5531 5381 2231 3458 5787 5697 4082 5839 4056 5952 5958 4574 3786 5885 4550 1167 5959 4662 5020 5960
5969 4964 5173 7490
5973 3786 2276 5096 5263 5817 5324 1169 5189 5022 2765 3787 3449 2744
5977 5022 2686 5809
5980 2686 5809
