7632 6758 5816 6151 4616 6299 6734 6714 7444 425 6695 5857 7629 6414 7230 3562 5342 737 4988 5871 5802 6560 5605 3787 5814 1707 3786 5655 7625 6243 7402 2651 4536 749 6486 3691 280 5020 6619 6071 4099 4792 2908 4530 5295 3238 3965 68 2144 5173 5773 6123 5177 5053 7092 7378 7052 5839 852 7054 1496 2120 2276 5999 3381 4071 133 6595 3956 5189 7088 4712 5079 7598 6620 6241 7614 5254 6555 1734 7390 5179 6552 762 3723 3439 7055 7281 4948 311 7294 7231 3601 3498 1374 99 7050 4574 4884 1215 6538 3813 4335 2371 6298 3586 6221 766 4191 6000 36 4116 6097 6907 3642 2410 5273 2565 6218 5775 6 6280 15 2297 3073 1733 2135 6941 6618 4483 7400 2369 5196 5524 4162 5028 5201 6272 6624 850 5796 5123 7225 7471 7171 5617 2452 5940 5822 5952 2981 2599 7199 6443 7409 6596 2774 2907 3641 127 4455 4441 3453 4297 6918 2145
7642 7046
7646 5015 6563 5404 545 1374 766 5179 6624 5524 7047 5423 7644 7046 7390 7054 6907 5822 7086 1098 6596 7055 6885 7493 7645 5800 7564 7409 4441 3381 5196 6443 6714 7601 6320 5802 7231 2565 7052 4632
7647 6510 7490 6907 3381 5173 5103 1762 2707 155 7057 2658 7080
7649 5199 7231 7280 4536 4994 7172 2481 7449 5802 457 7598 7391 5103 4441 5839 5822 7697 87 6274 6229 6596 7812 7047 7425 5969 5524 1374 766 4788 5529 2485 173 7822 2511 1395 3057 6976 6624 6993 3084 7471 2560 7055 7092 2565 737 6907 7821 1151 2369 7520 7150 7386 109 2765 1542 5915 6474
7651 4483 7649 7092 5103 5822 7294 7393 7580 1098 3586 7047 4310 6784 5143 766 6907 7055 1498 5053 2560 113 6563 5802 2658 7120 2565 1374 6624 6241 6596 3956 5524 155 6097 2240 7054 1734 7052 7231 5796 5800 737 7390 6714 5814 5934 5445 3381 6619 6555
7652 7225 5002
7658 7614
7662 580 3752 5053 7171 1166 7580 4040 4764 6635 7046 7236 6907 5189 4441 7055 457 6714 1098 6272 5002 7231 5524 5827 3381 87 3586 7047 5839 7280 7660 5773 7647 5802 7092 7045 7564 6812 3447 7400 7650 7659 7228 742 1542 6241 5316 7052 2565 6772 5179 7490 5822 7393 766 6596 109 7225 6624 2452 6619 2240 7661 4483
7666 7080 6951
7668 6596
7669 7666
7673 1539
7675 6712
7683 7045 6934 4046 6907 5179 5612 7055 5189 4441 6624 6902 7686 7231 2658 5524 6618 7685 1374 6596 766 7684 7682 7391 7586 6946 7598 7047 3615 7052 7150 5822 2565 7665 1769 7233 7280 5816
7688 5620 335
7694 5802 7231 7679 2384 6510 6043 7301 5800 6907 6596 737 7052 6624 109 3321 7691 7045 6241 4948 1385 7056 5915 7049 3378 7279 5103 5524 3447 2565 7055 7047 766 3381 2886 2658 4483 7598
7695 7046 5524 3381 6766 6596 6624 7054 5188 7490 2560 7047 4441 766 2233 7598 2565 7679 7350 7393 4948 4632 6494 6866 7236 5189 6241 7120 166 7052 7055 6615 7697 7045 7231 6907 7665 2658 5655 7696
7699 7088 3092 2560 5189 7225 6243 7490 6443 7231 4221 122 5079 886 6029 7598 5529 1003 7055 1374 7045 5179 7666 7057 4662 766 2576 6272 5658 4441 5822 6006 7280 4632 2565 6596 7236 1385 5404 5446 4712 4036 1814 6635 1132 7120 1733 6552 7047 7698 3787 4966 5445 2145 7679 7053 178 5524 4795 7052
7701 6460 6889 7666
7707 7705 5262 742 7043 1055 7703 7047 766 7198 7055 6510 4441 5820 4712 7696 5998 1896 5524 7704 1374 5445 4310 1200 7511 7057 1823 6615 7614 425 1098 7231 7706 2565 7301 7225 6596 6885 6907 7120
