5822 6620 2972 103 4661 6714 737 5582 3453 457 6241 6359 1151 6484 4045 6184 5188 6327 5998 6422 6198 3456 7030 2565 6618 5796 6913 3032 5655 5697 5452 1608 974 7061 1463 3381 2328 5802 143 1549 2376 6272 109 5596 2677 5543 5002 6123 5738 6615 4967 5524 766 6790 1098 6619 406 4310 3227 5254 36 5800 6976 1210 3965
5824 5630 6491 1074 6608 5696 5079 5582 5189 3642 5802 6305 6213 4687 5022 5800 109 5932 2688 6705 1789 6665
5827 5796 2299 6272 2831 4899 2688 6344 3453 6501 5839 5301 5697 737 2240 3586 3439 3456 1074 5188 5181 4045 4099 5185 6608 457 5079 5802 3457 3995 4967 6483 6607 3447 6504 1972 5800 766 5002 5177 3642 5531 109 5524 4632 6327 1847 5857 4673 5140 4036 6305 5814 2516 5246 5871 6359 2145 3381 634
5828 5819 2258 4843 3787 5263 4070 2702 5482 2502 5187 996 1253 2760 5691 1701 2115 3032 2932 259 4967 2549 5182 3728 2660 2774 2001 5190 3498 5827 3642 766 3666 5824 2297 5697 4781 2674 1151 3456 1835 5606 769 5457 5612 5188 825 1166 5172 4036 1462 1374 3614 4099 5714 5437 2688 5079 4824 3449 3150 2145 4574 3796 1530 2504 2542
5829 5079 5022 2688 766 6243 6377 3641 1098 6615 5439 6421 4717 6327 6299 4792 6305 2565 2299 6270 5772 3447 5839 4967 3478 2328 5796 879 6608 1074 6323 5822 5582 6359 4828 4041 3642 4483 5531 1762 5185 2160 4788 5697 4598 6783 5188 6526 3456 3453 5871 5524 5199 5189 109 6126 6822 6522 5739 6772 6198 457 2620 6038 6525 6821 5802 3010
5830 5691
5835 7226 5800 7092 5814 3381 2658 5053 4879 7052 4036 6907 6627 7352 2565 7055 7057 3691 766 5524 6221 6914 6714 425 7262 7554 6624 5802 6766 6941 5998 7229
5837 5263 2660 2145 3642 4441 3449 5834 5079 3498 5188 5606 5691 5189 3614 4967 5181 5262 4824 2688 5180 5833 5697 1374 766 4082
5838 5838
5839 7409 5445 7775 6243 5103 6596 6736 5820 7052 6460 6993 6624 109 7806 7280 68 4829 7727 5177 3456 6914 6560 7598 7294 7744 5871 1982 7841 5173 7400 7716 7056 7225 4948 6784 4310 4040 2565 5246 6657 5529 7055 4483 6421 5189 6907 7057 7086 6523 5802 4795 7614 3404 7050 7393 7717 4598 3238 5800 7231 5822 6272 6702 1374 766 6959 1151 7747 7150 7047 7649 2452 5295 1621 4297 6774 5915 7132 5254 3586 5028 5524 6552
5844 4718 4824 1374 5437 766 1063 2972 4764 4894 3469 5187 310 136 3479 5836 5171 2516 4587 4967 5188 457 3447 3449 5079 3614 4310 4948 3015 3452 4974 5316 3459 5606 3453 5655 3796 4041 5697 4151 3456 5427 2688 4441 5263 1667 3521 5140 1492 5181 4353 3404 5180 4653 27 3568 5783 4045 4899 3498 2237 5002 5189 2651 4715 4964 1286 1549 5691 3642
5848 5824 5182 2387 4428 766 5187 3642 4310 3593 2972 4824 5783 5606 2651 5180 2186 68 5624 5188 5612 4441 3995 5846 1133 3449 3614 4082 3748 4191 5262 5697 5009 2237 5739 3641 2564 5691 4045 813 5181 4967 5427 5437 5263 3568 1151 2688 3456 3796 3794
5850 4666 3449 1542 4843 5263 2704 3478 1335 5482 2760 4223
5860 5691 5263 2744 5697 4447 5187
5863 5862 5262 1055 5814 5263 4082 3449 4144 996 3813 5187 5182 5189 5181 5437 2001 2660 4483 4739 5180 5193 4967 68 1133 4441 5697 3498 4899 2258 3666 3568 5861 1496 5022 3786 2702 3032 5188 5472 5691 3787
5871 6398 6758 2565 5932 5177 6736 6170 457 136 3459 5079 5739 5531 6771 4483 1762 2620 6596 4967 4099 4065 6359 5524 5800 6522 6770 4828 546 5196 6272 6608 5697 3010 5802 2240 6123 5604 109 1796 4792 3453 3381 3641 5934 6001 3447 4221 4598 6772 5179 3642 6773 4297 5839 5796 5188 2688 5818 3956 1074 5804 4310 5814 1374 6774 6488 6526 3027 6243 5185 6377 766 6615 5596
5872 5802 5079 3586 7350 5932 7052 7241 7390 1549 7378 6619 5821 766 7080 2940 7225 5739 3571 4828 6934 457 4948 6993 5697 7231 6570 5691 136 6486 5776 1166 5164 1667 5002 6097 7227 3381 6902 103 7239 4879 5822 6714 7233 7086 5543 7401 6624 4632 5263 5193 2658 6772 6243 6702 2565 4447 5189 6916 7449 395 7092 1151 7055 7330 2485 6907 6945 6518 5524 7132 6914 4310 7057 4974 7021 2744 6241 5806 7484
5886 2387 5171 5176 3521 5691 3447 2118 2504 5836 1133 3679 5697 5877 4964 5110 5140 3796 5596 5226 2369 5884 4824 5187 2775 3449 3459 5662 5342 5188 5531 2667 4041 154 3995 4976 3956 4899 457 68 3976 3453 5862 2981 5857 5478 5079 4632 5524 4310 5180 5817 2688 1375 5263 2909 5022 4718 3642 5485 1374 113 2237 4967 3404 5819 2001 3634 4974 3586 5189 5437 4099 335 5873 1645 1542 5883 4045 5885 4353
5887 335
5891 3453 4632 5188 4045 5862 5187 2689 5829 4550 2129 1374 5887 3394 5437 5707 3642 5691 457 5022 2258 5457 5859 3404 5176 2585 5877 5857 2688 5889 4073 5079 2667 3995 5855 5814 1542 5697 4795 3796 4824 1811 3449 5123 5189 5890 5427 5332 5180 5184 5445 5110 5888 4967 5873
5897 5185 6615 5802 311 4899 7153 5543 766 7351 36 789 5800 695 4036 2565 7099 1151 7129 5301 7052 1608 457 3073 5188 6619 6494 3456 5524 6218 5702 3458 6624 6299 5980 1549 4994 3393 6906 4099 3381 319 434 5796 7317 2658 6280 6563 5053 7270 4662 4437 1471 1374 6907 5531 5814 5200 1098 6714
5902 737 7092 4099 2458 3456 6243 3691 5821 762 5121 6563 6272 5173 3522 3381 3498 3787 7054 1644 3258 1331 7057 6598 6280 7080 2328 2936 6784 5179 2369 7055 4824 7231 7281 5811 6123 5796 6714 7417 6907 6323 6993 5814 4310 5775 457 2452 2542 3982 3965 4864 3642 7505 7484 1814 6523 791 5079 5524 2565 1055 3586 6024 6218 6538 1374
