3691 5263 5262 2972 4686 4297 2565 5155 4756 3614 763 4483 5079 3479 2264 68 4219 2667 3191 1133 4041 5261 3522 5140 4653 4948 3321 2688 319 4070 2658 3352 766 4967 1549 2967 2651 4899 2135 4829 3615 4441 3796 4718 457 3209 4846 3456 3453
3701 3127
3713 3711 3712
3717 3256 3197 29 3010 3540 465 4034 2967 2326 4035 3815 3567 2872 1875
3720 3775 3402 3660 3518 3378 3645 3728 3443 784 3977 766 2144 688 47 1211 29 4036 1549 2381 2326 3084 2256 2398 4080 2974 3168 3313 2223 2564 3568 4023 2290
3724 3813 3641 3443 2967 2387 3034 4127 3787 1133 2859 2135 3032 4044 2298 302 4511 3796 4329 2688 3026 3728 4073 4065 2658 457 3402 4351 3009 2923 4124 766 2129 4152 813 2932
3726 6714 3449 6359 2565 5802 6280 4943 4045 6624 6032 7188 3073 457 2909 1151 6327 5143 6615 3381 5811 3457 6994 6907 3092 5702 2834 5524 5059 3593 1374 4712 7104 6619 6486 1098 6620 7052 7092 2249 766 1319 6941 5816 263 737 7086 7106 6906
3745 2497
3748 4415 4587 4045 3479 4753 4574 3643 3059 825 2653 4750 4752 3452 1024 3449 3390 4275 2371 4663 2859 3463 4219 2985 319 3456 1566 11 3601 3192 3453 3087 2565 2871 1381 1133 2135 4749 4315 3024 789 3350 3026 3455 766 2016 2967 2237 2688 1137 4633 4681 4076 2485 813 822 4751 2696 3402 1783 4459 4046 3159 24 3794 3641 3803 3854 4665 1457 4040 3796 4688 3787 2972 4150
3752 6801 3409 4828 2658 4441 3965 5915 7614 5472 7769 7231 7605 7882 7113 3084 6635 7055 2485 4981 6494 4948 5775 4795 6624 7808 109 2619 3447 5524 6902 7280 5802 766 6993 7052 7768 7691 7449 4632 7598 319 763 2549 6596 3393 2118 2660 4310 7818 6907 6243 7511 1374 2565 1151
3755 2133 371 5396 11 456 1129 1521 1538 1350 1564 1319 3461 1772 1331 769 1319 15 1381 2225 1235 1538 1261 457 2647 1816 659 1390 2357 1483 2376 2618 1549 2729 1241 1297 2009 769 1377
3769 2290 2576 2565 974
3770 5671 7744 7808 6916 2560 4632
