904 1006 1594 171 457 1316 1202 1555 1151 1395 954 922 319 1749 1538 722 1487 769 1732 1608 853 9 1167 215 1521 1428 1526 1441 310 784 707 838 1470 173 1549 1352 1716 11
907 1293 1075 1471 1357 941 35 707 1279 304 6 11 1474 1221 600 1034 1473 996 173 1472 306 311 319 1233 171 1424 1306 1202 1278 42 1319
908 1482 86 1151 42 1350 1037 11 306 813 1473 280 1734 1221 308 1549 319 457 1919 166 1838 766 311 1756 290 784 1164 922 978 71 1615 644 304 1700 1352 44 1496 24 1608 704 993 1135 173 1428 722 180 21 826 1211 36 1319 1986 1836 1167 546 1585 1055
913 1496 852 1594 1670 306 1608 1487 87 308 173 86 1129 1671 1133 706 1055 922 1585 126 1547 1041 1555 6 1381 998 11
918 9 950 312 173 317 110 911 334 29 321 310 143 86 915 151 11 340 74 943 327 263 20 55 339 43
922 319 1133 457 1237 74 588 705 1062 941 36 173 38 1235 1204 1226 650 988 1234 176 6 310 1227 1236 1114 769 1225 943 1111 1238 1229 587 1228 1182 1223 922 1231 663 1233 1224 1214 1232 311 986 1199 11 1135 1230
928 1487 59 155 1352 1386 1193 1248 904 707 941 1439 691 922 1616 1615 1055 1538 1236
929 912 312 29 865 663 11
930 315 922 1159 1160 311
932 317 911 838 11 6 722 818 24 86 705 187 21 931 340 695 90 926 110 9 650 87 310 312 29 334 600 192
934 79 29
935 47 1742 1487 266 1062 1428 270 173 1881 1395 1615 722 844 1883 1722 1585 1720 842 1492 1594 1284 1552 1267 993 11 634 268 1210 1872 1693 1882 24 310 1688 1335 457 1006 1286 1378 1823 1386 59 1639 1717 1549 1505
936 842 346 6 650 844 310 306 312 634 151 130 11 697 311 865 29 935 319 110 8 339 192 371 663
937 12 826 982 1965 1521 74 1997 635 311 546 71 1233 1608 311 1492 1013 1700 1838 842 1352 11 708 784 691 1185 1966 128 1767 1772 1756 1151 922 784 407 340 1428 710 993 971 412 1594 1386 312 270 637 2062 1992 1006 708 147 1549 59 125 789 1555 1284 2063 1919 173 86 1210 813 1566 1615 1135 1061 311 11 946 1538 1441
938 1051 5173 29
941 813 1144 138 1202 336 317 704 871 1210 1044 1204 1207 920 1216 11 588 707 1062 1199 1205 861 710 1114 705 1213 173 697 639 312 308 161 311 1097 805 971 922 1129 1006 1209 1211 1212 339 20 313 334 1201 1127 1214 1215 634 1200 36 1182 348 17 742 869 769 1208 1206 151 1203 457 587 1160
942 11 29 110 315 55
943 1135 1234 705 1271 1090 686 311 1246 11 72 1204 215 315 1062 1259 312 922 639 20 871
945 943 151 321 334 23 842 556 304 371 24 865 36 80 11 707 110 340 292 944 312 310 844 173
946 2256 1621 634 784 2072 1501 311 407 1441 1496 173 764 996 1003 2156 1470 310 546 1985 986 275 1062 1756 813 2133 1820 789 1098 2169 1808 24 826 2009 1615 1549 2236 1395 11 2255 2249 290 1993 2254 805 1705 2062 1037 1281 1922 457 707 993 922 2052 1322 600 1919 1166 1319 766
947 1395 72 1766 1608 1215 2357 789 764 1621 1035 2328 11 2255 1062 1549 1522 1098 996 784 2145 2072 1037 2240 44 2133 2274 663 813 1210 1997 946 1980 1896 310 1783 1151 1350 1919 2062 588 708 173 993
948 784 769 1305 1055 176 312 1386 317 1279 1471 1006 1319 1381 308 1555 686 173 1236 707 1492 805 704 1009 986 1010 826 993 1589 634 1588 842
955 79 11 334 151 618 860 937 912 650 943 173 310 110 157 74 710 319 823 311 104
956 306 29 788 1029 1033 231 708 1050 311 55 686 215 201 993 126 971 707 317 312 978 1006 127 998 11 74
958 813 634 36 635 311 306 530 154 147 653 956 937 87 29 28 178 730 708 312 55 79 643 139 911 173 705 308 90 11 310 74 908 371 317 313 957 407 769 321 151 47 695
959 2371 2255 1111 166 2133 1080 1919 1985 1585 1772 457 2065 1470 2328 11 339 290 2272 844 1331 313 1166 259 1542 993 1129 125 1395 173 308 788 1055 59 1111 988 2062 1279 769 72 1497 1608 1847 2323 2233 1095 1055 1193 813 1549 36 1836 312 810 1062 1835 1297 978 1368 859 588 789 1374 1319 11 996 1279 1318 2072 1098
960 1006 1471 308 1356 769 317 1525 1322 6 1483 1473 1050 710 35 766 371 1510 1423 871 826 1394 545 1500 457 1462 1055 1466 805 1293 125 986 1135 232 176 306 1236 795 626 21 1357 1386 1377 173 697 943 1142 600 1278 11 1129 128 1247 171 432 1526 1125 1000 74 1037 143 1279 24 604
963 1352 340 161 315 35 87 1436 759 1357 1006 306 795 1203 882 11 788 1029 1429 1137 1235 784 304 21 6
966 762 29 110 157 663 304 44 312 964 961 280 938 321 310 963 962 6 686 324 147
967 5915 4712 7659 5445 7344 6596 6993 2851 7231 7052 1374 3032 7769 4717 5702 4632 319 6460 6713 1151 6624 7866 6711 395 4441 4813 766 7045 4347 7055 2658 1098 7131 2565 1691 5446 6156 6907 7578 6951 1542 5185 6383 5114 4040 7744 6461 6561 4948 5524 5802
968 1547 2256 1143 2118 2172 177 1151 854 1267 2233 2332 1552 14 2231 813 2546 1997 2085 11 2328 996 1756 2133 2052 2398 766 1000 1051 1608 2523 826
971 1443 1352 321 1236 182 1279 1319 1135 1470 1075 1293 304 663 941 1380 173 1471 1357 871 695 1469 789 11 6 998 1278 306 686 707 1335 71 319 1467 1114 1160 1132 35 1063 996 1167 311 1247 317 138
972 310 759 151 938 306 72 308 969 789 269 970 319 312 143 304 177 9 36 321 311 854 173 587 643 317 23 971 6 968 674 710 86 967 110 182 340
974 1925 813 2564 3009 3470 3147 2565 1783 3439 2485 2594 769 122 127 1549 1972 2688 2559 3010 988 1374 3562 3605 704 2328 1967 546 2790 766 2209 1506 1380 784 306 2237 872 308 722 2967 2900 2576 2700 2145 2541 2651 15 313 1034 2697 2398 1190 1297 1661 2411 3026 1151 3005 1976 922 1241 3379 1319 1470 290 1835 788 3352 1803 3031 193 3606 2326 2240 2657 2356 2618 3607 2998 2290 3386 403 417
975 36 173 1062 1997 1868 457 1151 1135 1549 1006 2062 1395 1386 42 1571 172 1919 1594 2149 2120 2204 1925 993 2203 1428 1050 72 1608 1380 11
977 371 707 973 637 376 975 179 742 226 182 976 810 269 66 974 187 722 8 312 650 280 885
978 1241 707 705 308 769 699 663 1022 742 11 1022 1440 1114 788 313 11 306 2129 956 308 1160 304 2713 1290 2688 708 706 1279 1055 921 311 921 941 1234 1129 3659 1135 479 789 306 1114 1167 922 1234 312 766 1441 1201 1278 659 2842 35 6 432 742 1279 1297 312 161 1439 545 712 319 788 959
979 620 978 738 110 971 663 710 173
981 23 686 20 791 113 319 705 759 697 674 36 937 708 348 317 257 86 312 313 854 311 304 110
982 922 308 1062 127 20 633 650 11 9 1201 988 871 171 635 1167 794 17 697 36 1262 971 1241 784 16 182 1006 904 1245 312
