4677 3461 2859
4687 5179 4441 2437 2440 6270 457 2688 4910 87 3449 3965 1336 6156 789 4813 3919 6305 3447 5995 5423 2009 5552 2237 6360 5448 2667 5590 3917 5079 5022 109 4266 766 4967 2693 1132 5246 2427 5812 2145 2451 2623 825 583 2889 44 5817 4666 2010 4045 2988 5189 5110 6410 5808 4366 5391 66 2547 86 3641 122 2655 4673 5697 4041 3586 2384 5816 6411
4689 6327 5550 4045 2456 4899 5140 2688 2972 5188 4063 2775 171 4673 3040 5796 6572 5524 457 4967 5819 4813 6573 5697 3642 6460 5531 5527 5022 5818 3958 766 5802 4441 5816
4706 4824 3854 1428 3453 4046 2972 4633 2688 2967 4687 3073 1024 4211 3917 4792 2516 3057 1473 4119 3835 3969 432 2560 4739 11 3390 2871 4749 3568 3457 2264 4710 1823 766 3350 4442 4825 3026 3456 4688 789 4045 4415 3449 3463 2297 1395 4664 2547 1151 24 1133 1614 3452 4823 2565 4040 4219
4709 3728 6764 5775 42 6766 5185 1074 5796 109 5531 2744 3641 3456 4162 6347 3916 5188 457 5316 6032 4813 3106 1701 395 3345 2693 3057 3642 2328 5814 2688 1990 5022 2699 4338 6458 4273 580 5524 600 6546 4310 3586 3453 5697 766 6398 6305 1473 173 3381 1762 6608 2565 5177 4261 24 5103 11 5582 6765 1496 6006 5802 6494 5821 5002 4967 5166 2093 6510 6545 6767 6217 335
4712 1166 5452 3452 3787 3404 996 5217 5174 5110 5455 1719 6657 4717 4175 5316 3027 4151 4981 5753 5655 3835 4829 1374 6359 5800 2609 3614 5068 1032 5176 2909 3969 3449 3666 6605 3459 5193 3291 87 4828 5814 3238 3447 4967 5391 637 1972 2619 2440 3642 5696 6596 3453 311 5796 457 2972 5190 2135 2375 3845 3873 5246 5188 3445 4310 3459 3976 4041 3453 5531 36 2264 3995 6024 737 2909 5079 4297 3010 5391 1549 5430 4673 5029 2485 5185 5179 3191 1769 3032 1847 4664 695 4441 553 1542 5697 2328 1701 766 122 5428 5140 4482 6243 5998 2972 6447 996 4045 4471 3568 5123 6627 5821 5296 5616 4967 4829 2655 4036 6607 5630 3010 109 3445 5810 4764 6324 3366 6218 6467 4550 3456 5804 457 4717 2564 6006 4077 5871 5171 6626 789 854 3352 4534 5177 6217 6595 5037 4013 3032 3786 6658 5862 1762 2660 5155 5068 1542 4483 763 1074 4036 4604 5189 2688 3728 3449 546 6305 5802 3586 6422 1990 1608 6327 3498 3072 2135 3092 5189 2889 789 4471 4828 5857 5524 1151 4591 5454 24 4485 5452 2258 3439 1549
4713 6047 1972 5697 4813 6828 3641 3642 6525 5188 3291 136 5524 6299 3787 766 6327 5531 5818 6359 1762 737 6305 6488 6615 1074 4353 6829 6510 5582 6220 6560 6714 4065 2565 5811 4967 6517 6377 5276 5185 3381 5802 2688 5254 5002 457 6522
4715 3787 6320 6359 2547 457 6360 2258 5177 5110 3614 3092 27 4483 4045 4632 3642 2688 5179 3028 5524 5798 789 178 4967 2686 766 5316 4441 5796 5696 5121 5423 4964 3995 4310 1701 5714 5804 109 749 5799 3449 3456 5816 3447 1492 5543 4041 6271 5079 4673 87 1542 5185 4099 2667 6023
4717 4686 109 3447 6272 3449 6248 6223 6220 5079 5262 5655 3453 5193 1074 4297 2688 2972 6460 5697 5802 3792 5254 3090 3453 6488 4673 6561 36 4448 5103 4828 4686 5273 3447 4219 5301 5177 766 4967 4441 2657 1796 457 3274 6305 4967 2686 1542 4899 5188 2972 2660 2775 4045 5524 5110 5796 1063 5582 1623 2988 4442 6560 3274 2328 4859 5140 5624 3642 5998 2658 136 3919 4310 4712 3032 5189 6467 4764
4719 1473 2859 4045 4661 1549 4717 3454 4211 11 2935 2765 2547 4437 4044 3453 3457 4588 1964 1166 4714 766 4511 3402 4441 546 3969 4377 2972 2365 4715 3274 1133 3463 3796 3394 2257 2237 4219 2621 3352 2565 4718 3728 291 4001 3456 2708 1291 4688 2688 3930 4041 86 1179 1184 3452 4076 122 4261 2871 4716 2967 3449
4728 3453 4726 4099 4312 1133 4705 582 4727 2832 2859 4044 1018 4219 4582
4735 825 3449 695 2145 4739 2117 4733 2542 1733 2256 1701 2686 291 4741 582 3346 1492 3451 457 2326 3830 4441 4072 2972 4073 1717 2474 2968 1990 4738 4335 3568 4664 4712 3145 2129 4211 2651 974 1470 643 4077 1522 4564 2246 4142 371 996 4710 4737 2365 3728 2658 37 3352 3463 4575 4675 813 1847 47 4063 4547 2909 2694 4123 1537 947 3394 2398 2655 3378 1730 3812 2932 4736 1055 3447 1241 3796 3453 3480 3787 2135 2967 2547 2210 2747 556 3034 3456 697 2596 1799 2144 351 2109 1133 908 4266 87 2215 4297 2237 127 3084 4315 2699 710 1125 3326 2958 1228 1985 4219 3917 2774 988 2832 4688 1097 4740 3291 879 4531 2456 2118 2693 2917 3498
4748 766 3642 4717 3000 5524 4673 4527 5582 4653 5630 5140 5301 5998 634 4967 1207 5188 2493 5802 87 5439 5430 4960 5185 2972 4813 5811 109 4483 3453 5022 2135 6006 6518 5697 1166 5531 4355 3586 1796 457 5739 5796 4045 4310 6038 4828 4899 5821 1639 1542 5079
