5663 4653
5664 5106
5671 103 6914 7045 7390 766 4948 7738 4099 5226 5028 1701 7056 5053 6156 7047 6596 4441 1374 4632 7231 7706 4981 4456 7055 7092 4335 2545 5524 1063 6624 6615 7737 199 7544 5123 6885 6241 2565 6020 2456 5103 7153 6780 2560 7281 5802 5800 6712 7049
5679 5678
5680 457 5180 4036 2369 3453 3614 2186 5853 3461 5181 3995 1133 5854 5226 5296 4653 5606 5150 5187 5454 5846 68 5125 5262 3601 4967 3642 3447 5829 1769 4824 4899 5301 5037 4310 4976 1063 4099 3449 1644 5437 3593 4082 5188 4045 5189 5612 5852 5396 5452 5827 1701
5683 3191 789 2688 5096 996 5479 2135 3498 4586 5173 3007 1055 5531 5179 5190 2660 3666 3447 1524 1032 5321 1335 2702 4966 3813 2516 3796 1506 4550 4036 3522 5457 5400 5487 4310 5606 3393 3786 315 3787 5608 1374 457
5684 854 1799 3586 4310 3787 5079 3456 5697 1285 178 3614 6223 2988 2667 4099 5022 3607 5185 5189 5796 5423 1796 6006 5714 3624 5188 5655 4967 5524 5179 5110 4709 766 3449 4632 5932 3812 5123 5798 4441 4483 5591 4071 5543 5061 5808 87 2655 2587 5391 457 4045 4673
5693 457 3390 4824 2384 2565 5180 5511 5190 1639 1799 766 2972 4899 432 5689 2258 5179 3641 3449 3452 5181 5342 3498 5263 2704 4662 1151 1549 3191 4036 3785 5189 5612 2485 4070 3461 5479 5188 4037 5691 3366 5176 3453 3479 3642 5184 5079 3614 5553 4632 2605 3796 2688 5692 4967 5690 1041 4353 1374 4040
5697 4717 4598 5189 5809 5524 5802 6156 6327 2677 5177 6305 5800 6620 457 2328 1542 5952 3447 2565 6961 109 5708 6523 6270 4967 3381 2688 6692 6951 5812 87 3024 6272 5179 5589 5457 3456 6959 6960 6665 6299 6421 5543 1549 5188 6615 4063 5871 3641 5185 5079 6962 1796 2790 6123 6422 6359 6736 6963 6618 5022 6323 6958 4310 4828 1098
5701 5701
5705 5419 5263
5714 1470 2264 469 4338 6772 6801 5814 36 4416 6645 5103 3092 600 5398 2693 6494 6006 1808 5316 5655 2542 5857 6563 6800 6082 4967 5166 5079 3642 308 1733 71 3381 2565 5524 6500 5173 1473 1691 2246 1549 5796 1166 24 3792 5254 4828 6714 1055 2297 2331 6356 766 1601 5802 4099 4151 5531 4883 6156 1608 6523 5177 5582 1835 3916 3586 5549 1697 4981 3453 2328 2564 6327 5697 259 1374 1151 109 3614 4326 6270 3641 2369 6229 457 1762 20 6305 1008 6797 6479 5188 4221 5185 6456 2299 3456 4843 1701 173 1074 6359 6798 1767 1542
5721 5176 5263 5002 2605 2381 4824 3813 3309 5187 4967 1549 5720 3498 1151 5179 2972 3453 2576 4948 3786 457 766 310 2713 1374 4764 2707 2115 3642
5732 4948 3015 3449 3404 4138 4824 2713 766 4967 5176 2972 1419 5729 4353 4310 2660 3642 5188 5531 5616 3614 3815 4040 87 2576 5731 1374 3478 5730 2688 68 3390 3479 2257 5079 2258 4070 1697 4036 1674 5296 4792 457 4144 1496 5179 1549 3601
5737 5002 3390 5722 4212 2871 3449 5176 4355 5188 5079 2972 4948 3601 1374 2707 3854 5189 5495 3479 4653 4036 5179 457 3642 3191 766 3786 4041 3614 4756 3453 3796 87 3447 4967 825 5123 5419 1814 4138 2688 1667 4824 4276
5738 5173 8162 6423 7744 6424 7086 3142 5022
5739 3641 109 1074 5800 6032 6649 5439 5524 136 1305 4483 457 398 3459 3691 4828 4792 6272 6305 5697 2693 5179 3614 4829 5814 4045 2677 6323 3642 766 5079 5531 6736 1621 4967 879 5824 3813 5543 2565 1542 6486 1796 6488 5452 3381 6620 6359 6902 6924 4310 6772 5802 3453 5796 3586 2369 5630 6501 6923 6243 6865 6615 6611 3456 6563 5811 2576 6774 5871 2688 5022 5188 6270
