6661 6483 5022
6663 6314 5022 1074 6545 5697
6665 7104 2560 7225 2565 6624 5179 155 6729 6510 109 4792 7230 7231 5796 457 5201 6305 4310 6486 5524 6217 5185 6272 6377 6714 1098 4036 5177 5697 4828 5800 1799 737 7228 5872 4483 4662 4764 766 6608 5196 5022 5932 6946 4828 1762 6241 6359 5143 4948 6243 7086 5188 6518 1055 6608 7226 7057 6934 2688 6941 6732 7052 7183 4974 6486 2328 2658 5814 5079 5796 7223 6299 5802 5177 6907 3691 7229 5079 5582 5806 5524 3586 6316 7227 4879 6730 3969 5531 1009 5630 2369 5189 6731 1074 7092 7055 6626 3642 4632 3293 5445 5696 6510 103 6032 5173 6655 5028 6729 109 6377 5998 6914 5824 457
6668 6483
6686 1042
6691 6687
6699 5188 5079 2440 1811 766 5763 6555 5185 6305 1896 6698 3453 4967 2547 457 6460 5814 6359 3381 5582 5531 4829 5524 1074 6665 3459 109 4045 3642 6577 6666 5697 3854 6697 5934 5871 2972 5655 1762 4297 4065 5802 3439 3088
6700 2688 5190 3642 6702 6305 6032 6701 5696 4792 1074 1762
6707 5254 6483
6709 7826
6712 6624 7045 1982 7231 5053 7490 7580 1098 7564 5524 4441 7052 7659 7047 7598 5802 5800 7402 7120 5820 2565 742 6596 5839 7046 7054 6907 3381 7670 7055
6714 7293 7121 7052 5802 6994 5179 6906 7305 7266 6913 3447 5814 2565 1098 6272 3642 5079 7099 6615 4046 6299 6305 5524 5980 6907
6715 3607 4598 3293 1041 3381 311 3642 5814 5697 4967 5800 72 1166 6221 6241 6711 6714 6665 5002 4764 5612 5188 6299 6486 5079 4483 2655 6712 4767 6657 109 766 6305 789 4273 5788 4310 3969 5123 6327 5802 1823 3614 5445 6626 11 319 5796 1800 5439 5179 5810 5524 5189 1210 6461 457 5824 6220 6595 4140 6710 5178 1151 4813 5301 5934 6666 6097 1799 5022 3586 546 5582 4712 3000 4899 5531 6713 5404 854
6720 145 4967 4824 4221 5582 5817 6718 5079 3381 5103 5958 6299 6717 6359 4076 4310 3642 6719 5002 5871 3538 5185 5696 6510 5067 856 3447 6327 5022 6217 3787 5171 2565 4536 4483 457 5531 6483 4829
6721 6483
6723 5531
