4929 5478 2565 4310 4550 2369 3614 854 36 2972 4829 3459 5020 2688 3453 3449 4483 634 4036 4948 1972 5477 4899 3641 5184 4967 5029 3479 4564 5189 5190 766 5176 4077 5296 2410 5079 4138 2871 5160 5382 5479 2667 4795 789 4974 457 5324 103 3567 996 4276 4824 5203 2549 5188 3352 3456 4073 3452
4934 5800
4938 4072 1305 3455 3457 3794 4688 4441 3454 1204 11 2651 1133 4547 4818 4045 2565 3449 4127 4937 4814 2967 4036 2237 4044 2935 2972 2485 4938 2326 3792 879 4963 4952 4943 2257 1267 3614 766 4428 4065 4041 3456 3479 3660 3453 3452
4940 4632 457 7421 7391 6272 2983 3404 8152 7882 6951 5800 8272 6072 5445 8053 109 5814 6772 4483 3297 7743 113 7044 7053 1098 6618 7057 8107 7877 6916 4948 7733 8241 5819 5015 7131 5189 7676 7677 8263 7350 7386 7919 8270 8036 7744 3969 6914 5079 8273 8156 7449 8085 7086 6934 8050 3142 7425 6174 7400 7678 5614 8047 7294 5859 2565 7088 6494 6218 8190 8046 5173 6020 2851
4942 4688 3455 4756 3787
4944 5697 5188 6486 6934 6327 6649 5802 6976 5186 2565 7082 1814 68 103 6907 1463 24 6619 5816 5998 6702 5543 3691 6032 6615 6272 4828 766 6552 7080 6913 4045 5800 5524 2677 5773 457 6618 4967 5582 6620 6270 7038 5079 3381
4946 4547
4953 1247 2135 2657 1360 1097 4547 3455 457 3498 763 766 749 4045 1043 4036 4662 2832 2557 2145 2504 4587 2688 2693 4937 3447 3032 1592 1506 3794 4441 2565 994 4782 1051 3256 697 4859 4355 4952 122 3787 3449 2702 4682 4536 3636 2564 4688 3402 3614
4962 2871 4688 3352 4536 4901 3092 86 4036 3026 3449 4441 4547 974 695 4943 4065 988 4255 2504 4219 2688 2237 4044 3969 11 3787 3447 3455 3462 3641 4662 3453 3803 3433 3743 2651 1133 3456 3614 3028 3835 766 947 697 4814 2967 4285 319 3350 879 2658 4681 4960 2326 2935
4964 3447 4948 3806 3191 5079 3452 5171 5263 2371 5189 4894 4967 4041 5478 5110 3449 4653 4653 2972 5006 5176 996 3813 3172 3995 5427 3447 5079 2565 2369 4077 2387 5480 5175 4846 4219 457 4982 3995 1466 1492 4632 5197 4948 3453 4073 4536 5188 4756 4715 5196 5584 4138 3786 3142 2688 5589 3321 1151 5582 5184 5002 3634 4718 766 3456 1467 2485 5179 5190 122 4550 4686 3390 2369 3028 5119 3345 2667
4966 5002 6460
4977 5495 4077 5285 5176 5405 3447 5295 789 3191 3601 4881 5462 2369 4576 3375 3641 5313 5011 5494 4221 4468
4980 1320 663 4673 2693 6360 5179 5484 3381 3456 2940 6359 3787 5423 3015 2660 4632 6197 5524 5079 5543 407 4441 6317 5696 5185 722 3453 5582 4948 3449 2258 4967 5799 4310 2617 3642 457 5817 5697 5812 766 5802 2172 2667 5089 5289 4899
4981 6563 5820 6460 7865 2240 1374 6976 6043 2658 7578 68 5802 5002 7418 2456 6596 766 5028 3032 1799 4948 7511 4310 7864 7021 2542 4335 6993 5524 4824 7019 4040 5188 7759 749 7733 7280 1166 2297 2504 6774 7350 3453 6114 1151 2068 5079 4792 5796 2440 7598 1542 7047 6032 110 7231 7747 4983 5487 5177 5915 5053 4709 5454 5166 1098 6502 5714 2775 4162 7727 6624 974 7863 2565 456 6218 2576 7052 5605 7057 3586 7842 4441 1691 4036 5857
4983 7511 4347 7057 7860 7294 3026 7864 6596 4687 7280 7744 4818 5823 2456 4310 6951 7675 5031 4948 1006 1470 6907 5820 580 3227 766 2181 6072 4982 7301 4688 2565 5796 7907 6774 2968 7391 4981 7047 4725 7691 4948 6494 5802 3956 4130 7727 5079 5584 3660 7055 737 3728 6772 5106 7086 7759 6006 7056 7080 2658 7843 5800 5524 4981 6241 2297 290 2506 3447
4986 4967 5263 4310 1151 3453 3191 3390 766 2605 5176 2972 2688 3459 5188 5185 5184 4899 3498 5079 3461 5675 825 2565 5190 4024 4550 457 3447 3666 4036 3449 5612 4483 3466 4824 5674 5028 5189 4536 4944 5608 4138 5178
4987 4041 4316
4992 5002 6620
4993 4536 4992
4994 5822 950 5998 109 5582 335 6305 5696 4899 457 4653 4632 6513 5857 6218 4045 5697 3000 634 3535 5802 1951 72 5524 6514 3586 3447 5301 766 4967 4001 5819 5177 6515 5171 6467 1542 6504 5796 2328 4813 5079 1207 6023 5423 319 2258 5022 6394 6510 5531 5188 4441 1074 172 4673
4999 3208 4127 813 4587 4212 3321 3456 3593 4046 1169 3792 4814 4864 3449 457 2935 2989 3568 127 695 3452 4937 4659 122 2972 4859 4781 3291 3447 4842 4441 4536 4976 3028 789 2565 3872 4600 3871 988 2504 4663 4045 4682 3453 3454 2871 3352 2651 2967 1385 4547 4688 3614 2384 2557 3869 766 2688 4065 3479 3787 2560 4898 2686 24 3917 4850 3026 4967 1133 3854 3472
