7301 6941 3057 6714 2677 7092 5949 3634 5822 2565 6305 7293 2003 5401 2908 3586 7100 6500 7104 7302 5173 5445 3381 7080 3459 4814 5185 7052 2940 6620 7298 6616 6655 7300 6229 4943 2932 6570 5246 2707 5059 6994 4353 6993 7299 5002 6646 6494 5188 6615 6486 1542 4437 6151 5796 6906 7301 6443 5233 1374 5582 7089 5524 2249 7295 7127 136
7304 6620 5524
7306 6620 5582 6906
7316 2931
7323 6360 6991
7341 2565 737 4632 5806 4981 7727 4948 2658 5524 7086 2297 766 68 7047 6596 5806 457 5800 7449 7391 1151 7775 4347
7351 5524 5531 2565 6510 1385 4795 4065 5796 434 457 6555 6198 4456 425 6270 7354 737 3586 1374 2485 6615 4040 6906 6032 4496 6714 6299 5857 5173 3274 7188 4310 1098 5822 7360 2658 5301 5802 3642 5800
7362 5697 5524 5655
7373 5543 4764 6907 4899 5531 6714 6619 6615 7134 5806 5817 4046 7241 4632 6867 5524 6305 5179 4437 1374 5800 4712 5002 2258 2565 3642 5189 2658 6494 109 4828 5173 3381 996 5454 737 7371 4483
7378 7054 4310 2565 5531 4536 7535 7057 1374 5199 7352 1098 6934 6907 5952 6624 6766 6045 6941 3787 6914 7090 6714 7492 762 5524 7537 5140 7236 6323 5189 3381 7225 3032 2658 6305 3691 6280 7086 7536 4879 5775 5173 7053 3642
