575 904 11 1050 1608 1594 1492 173 1487 826 457 1615 312 1279 171
579 1086 946 590 1357 106 259 24 852 1143 795 634 941 861 1385 870 280 626 1489 399 1279 1473 1350 763 1211 813 9 308 1664 171 1549 1555 142 1386 766 356 1496 1135 928 805 1335 282 1483 199 6 1428 1614 1374 1615 1127 11 1075 1525 407 706 998 1034 36 1137 1487 1492 312 87 600 1055 1319 1267 707 993 1006 1285 1521 103 173 1029 1142 769 922 844 317 704 1395 1594 1471
581 236 14 255 6 19 8 570 237 3 345 26 152
584 6 19 567 127 28 8 72 3 59 136 150 26 27 14
586 27 72 426 6 8 23 3 236 192
587 1922 1997 173 2116 457 11 2062 588 1202 29 1919 1151 647 635 996 306 150 993 588 922 574 1395 1756 2251 1221 319 237 1608 150
589 19 587 582 24 51 588 38 15 72 426 6 14 335 29 150 152 135 8
590 3 19 25 325 80 182 336 26 6 371 28 8 164 584 20 46 236 282 150 21 140 17 221 138 223 27 178 319 275 72 23 143
592 19 591 9 6 72 140 150 8 138 21 319 236 20 426 282 25 17
600 336 259 10 614 760 71 236 28 205 75 759 232 182 173 79 138 6 178 203 20 762 695 663 319 66 604 387 308 103 697 730 772 764 255 553 749 728 767 111 770 601 231 8 265 649 345 766 192 59 306 633 187 768 25 312 15 29 86 556 643 371 24 771 90 618 11 706 339 87 626 769 310 36 80 635 647
601 600 187 23
604 6 3 584 275 282 564 77 602 25 221 27 8 29
606 282
607 150 127 66 261 11 8 282 223 606 325 255
608 766 3402 469 3456 2688 1374 3258 4967 4550 2972 2700 3614 3028 4828 2871 996 1133 255 3786 1125 3192 68 1151 3498 3643 5029 457 5008 1522 37 5285 2972 87 3454 37 4899 4138 3457 3352 3568 2237 1550 3488 813 3633 2688 5405 3010 3252 3842 5475 5476 3453 5324 3527 2651 3943 3055 1972 1166 4824 11 5190 2564 3724 4988 1522 3449 2297 2326 3635 2981 3944 879 122 2699 4813 4077 2859 5176 2872 3352 5184 5189 634 3026 4948 2653 1701
609 154 14 10 12 20 339 27 269 46 37 11 306 6 608 51 150 282 8 47 261 38
611 3 139 20 592 556 606 339 39 29 21 236 9 11 6 204 231 8 111
613 11 6 94 14 612 8 27 231 306 39 110 21 349 205 339
616 339 614 127 23 28 110 615 14 178 27 8
617 8 23 14 556 10 154 6 11 615 231
618 432
619 14
622 620 11 236 319 10 381 8 615 56
624 46 20 255 339 556 312 17 625 11 77 615 27 592 8
626 1084 241 762 328 1078 981 553 20 970 647 311 24 865 74 600 208 954 986 173 960 993 1028 1086 312 9 499 556 1013 579 259 86 1024 769 1087 317 633 634 209 1085 157 310 759 280 911 308 36 771 707 256 145 14 823 1088 706
627 28 615 339 10 29 624 27 556 626 319 340 11 371 8 255
628 556 10 339 620 27 624 255 615 8 39 11 592 583 312 164 340
631 71 8 10 556 20 312 11 80 255 28 339 14 12 27 39
633 2332 2474 290 3249 3095 2565 1608 2660 1221 1549 2704 2065 3092 3247 2964 1991 1596 2871 583 24 1374 2236 2790 948 2674 3098 3024 1922 2703 2699 3246 2472 996 2229 1674 1247 1697 1496 1166 1200 3248 2696 3020 143 3062 2688 766 2559 457 826 1305 1133 988 2667 2507 2686 2473 1210 2690 1500 255 310 319
636 255 236 28 215 604 8 20 27 312 36 24 223 615 80 336 644 306 111 10 633 237 154 663 513 26 682 376 11 406
637 255 315 36 317 16 663 844 405 306 151 650 21 74 863 138 125 8 319 862 789 72 763 600 311 432 722 79 310 11
643 151 620 556 663 334 6 860 315 312 371 697 795 742 255 788 80 838 722 74 848 759 873 306 886 308 24 11 311 376 18 36 635 317 339 59
644 978 256 788 710 313 90 12 77 1308 11 1311 1062 545 805 143 634 766 1312 182 1278 35 1013 633 1210 640 1310 171 1245 317 686 36 339 1135 1201 1246 1137 796 47 439 1279 816 715 1051 1309 173 762 689 24 312 984 308 797 996
647 600 1305 312 791 143 317 1297 810 319 922 87 1062 996 699 24 784 941 704 634 545 1046 173 1135 1032 35 176 339 182 11 1320 166 308 715 311
650 20 4 231 275 615 130 127 25 649 8 182 14 556 68
