332 1042 826 2233 697 432 306 2407 1279 2322 813 1135 2418 2230 1522 2274 766 127 2172 1756 2232 2120 1919 215 1997 2231 1772 2297 1608 986 1542 1395 996 310 2416 1166 36 713 11 2072 2369 86 1549 650 1766 769 2133 2062 1151 988 312 1009 2328 667 1023 2417
334 971 1259 1305 634 1009 161 21 922 173 715 686 993 1135 941 918 986 47 1304 1160 339 1114 312 24 36 545 74 708 996 1302 176 317 946 838 11 1303 1210 1245 1203 1301 143 1306
338 11 769 784 1006 970 982 151 686 310 14 66 90 312 1084 1132
339 113 26 351 357 17 6 20 35 143 140 261 8 221 80 269 41 263 25 9
341 39 426 339 8 140 13 247 221 72 79 26 223
346 784 1166 4774 291 3787 3976 4099 127 4150 4574 1133 2565 3666 695 1468 173 3601 4072 2658 2560 2688 2708 4662 4688 4044 766
348 215 222 9 26 187 20 341 236 27 55 345 344 223 87 6 154 29 8 46 140 24 25 179 273 346 269 133 94 221 35 326 36 42 3 128
349 180 3 26 236 179 6 12 8 140 136 302
350 2116 2506 2469 1098 766 2093 1549 121 2072 1419 2623 996 1137 215 2209 2593 1124 11 310 1820 2118 2676 2133 20 813 1608 600 2473 1169 1991 1151 308 1748 1555 2256 2168 2328 376 447 1043 769 2672 946 1166 1210 2472 2009
356 29 236 74 36 71 26 259 336 12 223 94 104 42 328 353 128 17 48 9 47 6 351 352 275 80 8 67 54 35 41 130 14 140 28 350 55 25 79 21
358 140 41 193 29 8 357 238 223 26 6
359 302
362 363 301 12 35 26 133 8 6 29 341 27
363 77 62 26 362 14 140 87 8 25 142 6 4 143 9 20 73
368 467
370 46 79 24 132 143 113 20 55 6 71 26 4 138 25 319 365 36 59 28 8 27 190 21 367 302 103 133 75 341 80 9 142 62 35 368 72 37 180 49 140 154 366 364
371 6 585 46 142 27 72 25 178 345 255 8 306 26 336 14 319 584 19 20 567 59 83 150 3
372 280 87 1034 1487 795 128 546 1538 191 542 44 1210 1716 1615 556 1050 1480 695 173 1043 1352 998 1692 826 1691 59 1350 583 1614 11 1717 290 1756 177 1594 407 1151 1143 1473 686 1166
373 26 35 54 371 36 187 27 8 133 372 339 328 6 55 237 24 138 143 25 111
377 307 78 25 26 9 376 14 154 365 104 257 143 41 366 17 46 374 36 59 339 111 35 8 27 6 375 42 20
378 35 59 73 24 8 46 14 42 111 6 26 17 20 100 9 78 143
379 25 8 140 339 78 27 127 143 231 55 366 128 6 319 9 192 20 35 26 46 68
389 47 302 26 29
390 27 78 8 9 143 14 221 140 12 35 6 26 44
391 24 14 237 59 9 8 71 26 28 172 29 36 35 20 17 372 67 365 79 366 145 228 46 44 103 48 42 78 6 86 143 231 133
392 273 78 8 9 6
394 187 29 36 66 9 54 376 73 143 35 26 8 46 14 339 27 6 135 393
396 26 269 29 6 395 49 27 104 87 143 341 33 140 340 157 46 8 14 36 178 231 78 42 28
402 413 8 224 193 231 403 408 180 27 398 46 404 9 28 35 397 232 339 399 411 133 142 400 406 71 409 33 41 140 154 143 80 29 151 401 221 407 127 36 135 405 410 66 55 14 20 6
403 826 404 1184 1919 2740 1305 2792 2788 1705 1395 1357 1473 1000 2557 432 1062 1463 1210 1151 1521 946 586 2623 993 2605 2133 319 2510 1166 996 412 2651 2256 766 122 2328 2822 2473 2542 346 1896 899 2474 804 1684 1769 2559 1991 1200 2565 1608
405 28 275 67 261 556 415 6 8 31 101 86 154 255 10 178 319 47
406 11 312 8 29 306 6 192 236 28
407 46 1148 280 1236 1368 150 708 556 11 618 832 699 310 311 1552 1549 781 154 24 242 699 59 154 1919 86 1857 87 1466 914 1767 600 813 39 1350 42 310 904 311 1892 42 645 784 410 784 1377 1169 706 11 432 645 706 1395 1075 521 1358 1945 749 203 1135 920 789 154 29 319 699 347 904 319 280 1885 24 224 679 1441 722 25 86 24 1555 783 150 1261 55 86 312 633 900 782 920 1164 179 1623 1944 72 1487 794 780 865 25 1836 326 1608 826 1943 784 1135 310 785 673 1319 649 1039 315
