6560 3310 3456 7092 2565 6510 6620 5199 7057 5188 6305 6043 5179 6327 6616 3456 6360 6616 1796 7780 7280 5173 1042 5915 5531 6596 5524 7782 5697 6615 2560 5524 5445 6993 7779 6596 6414 5524 5531 5179 3960 7080 3527 7755 4065 5811 1151 5773 6907 7056 7490 4764 1762 7781 6270 6945 7682 3084 7099 3274 7614 1796 5812 5932 5173 6900 4717 4756 5179 6460 5177 6620 7783 2620 6624 7231 99 6198 3641 1210 5189 6865 3787 5188 5079 5802 2565 5692 6714 1374 6522 6510 2620 545 6907 3310 6555
6566 996 6510 5531 791 4767 6217 3032 6479 4712 6305 4099 5254 5796 6229 5582 3806 5103 3642 5188 5524 5181 5932 5022 2972 5591 4587 2693 4036 1847 4045 3381 2297 5079 5140 72 5811 5189 3965 2547 2369 5532 5123 6555 766
6567 6414 4828 3786 2240 109 5531 5360
6570 4673 5796 5543 2456 5524 4045 1990 3956 5262 5998 5188 5857 6223 4310 5140 1074 2972 5816 1542 6248 4967 766 5582 319 3345 5802 3642 5697 5423 4073 4441 1166
6571 6146 5691 6394
6576 5531 5177 1542 2456 3027 5584 5818 766 4673 5796 6575 5802 3447 5022 1507 5871 3642 4310 5524 4441 457 5857 3459 3995 4045 6006 2972 5188 5171 109 5140 5697 5079 4717 3449 5816 5768 737 2369 6574 4813 2688 5455 2240 2328 5582 546
6589 5802 103 5188 4673 5531 4967 1166 3642 4045 1151 1972 457 643 5140 5524 1542 2456 1064 5543 4813 5819 4632 2688 6305 2972 766 2516
6590 825
6594 1972 5531 5524 5857 2660 4314 2855 4045 4673 6595 6218 4748 5140 6217 4967 766 6447 3642 5188 5802 5022 2909 6552 5002 2264 3381 5821 3015 5079 2972 5543 1542 1151 6305 457 5189
6595 1799 5022 737 4673 766 3642 336 6545 5617 6479 2693 5193 5697 5185 2258 6483 6666 311 2688 6626 5980 6325 1042 5998 1542 4632 6305 3709 4833 2940 3381 457 6627 1074 3456 3056 4967
6596 6001 4046 109 6560 7365 5820 7188 6619 2658 4483 6993 6460 6299 6772
6599 5696 5103 3381 68 2674 5246 6170 1990 6510 1055 6483 4967 5022 5295 6217 6598 5768 5301 2646 4632 3024 6305 5816 3000 5796 5140 6501 5932 425 5199 4598 2688 2249 1166 5531 1074 996 4748 1644 3032 5179 5121 1717
6600 5998 3345 766 5531 3092 5022 2605 4151 3027 1074 4673 1151 6443 5934 2972 4967 2485 5612 457 2688 6602 6504 5804 5810 6601 5816 5002 5796 3381 5103 3032 4134 143 5455 4550 3642 2940 825 6605 6217 5140 6486 3439 6458 3447 5839 5624 5802 5188 4045 2564 5179 6604 6603 2458 1661 6359 5524 1972 5185 109
6606 789
6613 5822 5524 5188 5696 5185 2693 4310 5012 6525 5582 1990 5697 5811 3586 2565 4687 5802 6221 3642 5934 457 6768 4169 1762 4828 4273 3787 5177 6305 3641 1074 6006 5189
6618 5079 7294 8047 8251 8107 6774 4488 988 7057 5802 2565 4632 7733 4788 6032 8046 3447 7865 8156 7280 8050 7047 6934 7092 6772 5839 7744 2983 7882 8085 8243 6865 6596 5524 8152 7386 7685 5002 7053 5179 3297 7279 7086 5799 7901 5812 7578 7675 5872 7964 4948 5189 6914 8211 7350 737 6151 5814 7238 5998 6916 840 4483 5342 6907 3142 5800
6624 2384 6620 737 4126 4574 6346 5800 4967 1542 6486 2565 4662 5553 6934 3642 5802 6327 103 5739 4045 6 6790 6305 6615 5816 2688 5582 766 6993 5103 5697 4828 742 4437 5692 6299 5188 5773 406 2237 6359 5543 6655 2677 5524 7035 3814 1098 5824 1549 6913 2009 3381 1701 3658 1374 5738
6628 5022 6483 4795 5254
6632 3439 6305 5022 2369 5998 2972 5862 5819 6605 5802 5185 4673 5857 1762 5038 6483 5697 3642 4967 5079 5822 2688 1074 3462 1951 5524 4045 6223 3345 5800 1151 5188 766 5531 3381 457 5321
6634 2983 3142 8085 7808 6875 6218 6906 7755 5173 6305 7904 5524 5773 5179 6855 1542 7095 6443 6620 6243 2369 7697 7301 4632 6618 335 6946 6486 6523 2565 143 5692 6945 6327 6422 6072 8253 4488 5897 5524 8047 6563 5872 5692 5696 4967 4926 6633 6789 7938 663 2226 8107 6605 6635 8042 5059 7685 5226 3809 5998 136 1748 7057 5950 8222 5800 6038 6855 5811 8254 2481 5927 6272 2565 3348 7055 4795 6635 5466 2145 6305 2516 7727 3447 5189 6518 6271 6784 8157 7733 1549 6525 6488 6626 5551 7391 6913 5531 6618 5524 6635 695 6218 6596 7047 7924 5179 4483 5022 5582 6859 7086 4144 7744 6907 6218 5822 6946 3809 5697 6305 172 2240 6327 988 3787 7005 6907 5179 5697 8255 7928 663 7050 8256 6414 5454 5531 6885 695 8054 5769 4507 3297 6443 7266 7929 7625 6299 7043 3809 6619 8252 4632 7053 6917
