4021 2326 3804 3985 3641 2713 2747 1749 3630 3175 2964 2328 11 2594 2565 2411 4020 3645 3477 2688 3815 3394 3197 2658 1608 2746 3168 1538 3562 29 2109 3005 2297 2474 4019 4001 1549 1891 2356 3646 2560 3276 3949 3568 3961 3541 2967 1492 3719 2842 3624 2585 1537 2290 2365
4024 3631 4023 11 2872 2967 3961 2859 4019 2326
4031 2326
4037 4669 1165 2381 896 3683 7597 5188 8102 637 8106 109 7744 1006 5179 8012 3984 7271 4922 4904 7677 5796 2611 4913 6976 6151 7378 6613 3985 6316 6221 2976 6976 6614 2972 722 5002 5810 896 825 7135 795 7132 3660 722 7903 4221 4905 2240 4338 1552 3985 3787 4926 2456 3593 5010 317 6360 4756 667 2617 3210 600 6913 8107 113 3642 7929 4964 143 4884 5993 6414 988 2832 1037 495 5485 2623 4489 6859 2576 5773 3269 4219 6620 7124 3666 1608 4905 737 2707 7993 5913 5697 1734 2381 7564 1210 2135 6443 457 8092 5166 8105 7131 2549 4036 974 1729 4916 825 791 2688 7131 6886 1717 1204 1748 2240 5053 546 3453 7127 1144 3607 5614 5800 87 600 2565 7877 7180 4924 2145 2118 4310 4795 2003 3666 4046 1701 5775 5524 2549 1859 4764 4904 3258 109 4943 4891 4045 237 1549 4291 3498 6523 335 1165 3835 4903 3034 4919 1133 4910 825 6229 4906 643 5590 3274 8103 4347 7425 4915 3642 749 5800 6305 5524 3787 7100 5053 6072 4920 15 2796 1133 4925 7452 7933 6834 4712 4911 6202 1767 6445 7086 2576 2623 3466 7733 6615 6479 457 335 7134 4909 4908 6270 3210 2328 8104 852 4919 1542 4001 280 2364 2369 127 6218 4662 6359 5616 5582 737 3498 5028 546 2972 3471 7125 3709 2707 4482 1896 8061 2135 3614 6902 4912 315 4415 6900 5697 7057 8100 7808 6359 7181 407 3015 432 1151 4686 7743 6 7421 3607 5028 3982 5814 7682 3586 6618 3683 4918 1896 6443 7128 5189 173 5106 7092 7005 5531 6907 3115 4036 2967 6859 7885 4914 2384 1614 6596 4921 8110 7125 697 6119 72 143 166 4882 4967 2452 6906 7901 6863 3092 789 7862 6563 4550 3461 7198 5773 6032 4882 3402 3614 4833 6160 2117 6907 5123 2565 8109 4981 5993 6863 6327 4342 4924 2003 2807 3453 3269 7047 5166 3417 4832 4943 7130 7900 2258 5549 4911 4666 1492 1166 4187 2565 1385 2859 71 3210 4428 4574 7133 3691 4483 5550 5543 4310 4455 7129 1165 4833 5173 4353 7578 6458 2369 4574 2851 5002 1767 5965 1166 3641 7405 407 5616 637 5188 4416 4574 3586 6900 5796 3593 3447 1055 4882 4688 5140 1717 1717 2258 7727 3348 4291 1133 3348 4964 2118 4917 3787 7424 4282 8099 5999 8098 3447 4906 335 1623 6934 967 8101
4040 1492 4127 4534 3854 3109 3462 68 311 3479 1496 319 2655 3290 4800 2565 3447 3498 1133 4252 1769 3144 4044 3461 4485 2699 2535 4725 4045 4774 4438 4212 4398 2792 4632 4200 4224 4261 4151 3352 4688 4001 4400 2972 3451 582 3463 2485 3449 1166 2237 3452 3976 3969 4046 1184 4211 879 3453 3787 457 2967 4757 3796 766 24 3835 789 11 4266 3454 663 3568 4219 946
4041 5184 1549 5978 5180 634 5123 4967 6032 4045 1701 5176 5913 766 5427 5437 1972 5002 2667 3456 4276 3642 5796 4600 3449 5263 3458 3459 1133 5246 4653 5787 4073 5079 6031 2988 3995 4632 4899 6035 5174 5457 3453 580 5783 457 5763 6030 1137 4894 4099 5474 3404 4718 2686 3643 5484 5102 5714 5543 5171 2688 306 3916 4976 4557 3479 813 5399 1166 5179 3447 6033 4310 5857 5819 2256 6034
4043 4034 4040 3352 1799 2872 2707 2967 4039 122 3814 2699 2565 2972 2328 2258 3724 1795 2981 2947 3624 3812 2326 2356 1596 766 3454 2713 3949 3615 3714 4007 1888 1734 3073 1305 4042 3451 1972 813 1769 1542 2859 3026 825 3568 3567 3661 2651 4038 2653 2964 4041 2504 1691 2871 2700 11 1492
4044 4688 457 2859 4894 4077 737 4943 3455 2560 4893 3462 3615 1133 4547 4070 3454 4455 697 2237 2109 2660 4662 3603 27 4377 879 3522 2972 1151 2688 3691 3641 4725 11 2658 2565 4127 3447 4428 2967 3956 3453 4152 3461 3456 3350 4219 4633 3449 4944 2299 766 742
4047 3456
4049 3454
4051 2559 1211 2974 2651 2747 68 4050 2572
4055 2964 4079 3276 2872 3451 813 1549 14 1286 766 3932 432 3378 2297 2774 3148 4166 2485 3458 4163 842 1596 1305 2940 4065 2859 2697 1888 3614 3787 3714 11 2972 2326 2871 3541 68 1972 4039 3258 3488 2700 1428 4165 2713 1374 2967 3147 3949 2474 3461 3813 3615 4056 1075 2565 3724 1521 1133 996 2707 4125 2688 1707 2506 3814 4042 1966 3352 3666 86 3973 2256 3568 2651 3252
4058 3714 2972 2326 982 2565 11 825 3949 3352
4065 3965 5185 457 2240 68 6217 5531 5123 5524 3447 6627 5188 1990 1166 2932 3453 6608 5821 1608 737 3641 1823 3032 4967 5079 36 6179 1111 6359 5582 265 1762 3274 2565 5543 11 6082 2328 6665 1133 766 1074 2576 6494 3614 5796 5697 3479 1151 5802 3586 3642 5934 425 4144 5800 5022
4068 4073 5008
4071 5802 2576 5489 7578 7231 2565 6221 7295 4948 7301 3238 1374 7047 4709 5553 600 2485 3965 5233 3021 1151 5529 1701 7225 5775 1473 3057 4483 7873 6780 5103 4310 99 2774 7280 2365 7719 7092 6907 7691 2223 7052 737 5524 5179 5166 6443 6494 5016 3297 4353 1003 1859 6016 2658 7727 6624 6548 5915 1496 2410 7769 6993 6032 7874 7086
4072 3454 3450 2651 2488 11 3958 582 4065 3461 4587 1918 3568 3455 3456 4045 766 3956 2565 2576 4577 3748 4063 4588 2113 2658 1621 4261 2237 2787 4547 3462 1647 1133 4586 311 4151 4564 4433 3656 1522 3812 4123 1813 3449 3453 3463
4078 4078
4088 3568 1838 29 2290 2967 11 2707 3660
4098 5594 2691 4653 3150 5427 457 4828 5382 996 1375 3956 5263 2410 3041 3995 3568 311 5184 695 3786 5515 3666 1500 5595 3453
4099 3916 2564 2727 5608 5484 5531 2972 4717 2328 5123 5816 3787 5175 1385 5182 1074 3586 546 6477 633 634 86 6272 3728 6478 1151 2702 5697 1470 6447 4488 1374 2297 4045 3028 1137 4221 4550 2967 3995 5022 3150 3453 4662 1166 4982 36 4375 5011 4632 3447 3274 3092 4441 3452 1166 4353 3191 4310 5981 4483 4980 5484 4483 5696 3274 3982 122 36 5172 53 1055 109 5857 5818 6270 68 3642 3150 3666 697 3958 311 2240 6458 5612 2688 2135 3456 2485 825 457 825 4813 4673 2760 5189 1796 5796 4828 5531 3447 319 2135 5553 5029 5802 2384 5423 1549 3634 457 5185 789 766 3453 1207 122 6305 3378 6097 1164 2688 5188 3631 3634 3796 3092 1733 5172 6207 789 1847 4073 4073 3916 1549 4598 2440 5714 53 3498 4967 4824 136 4041 6440 6217 5524 5189 766 3854 6216 3641 5079 3459 2504 87 3449 5171 87 1151 2696 3498 5582 5485 4899 4967 5173 663 3631 4976 4353 4894 5812 4036
