2223 4383 2565 7490 8005 7675 4401 4798 6072 6907 1374 1613 7391 6596 7743 7280 6380 7818
2225 290 3026 1496 3024 1200 650 1167 1814 2690 1424 1135 993 1684 2651 1875 2855 1820 2371 172 3006 3092 826 946 1501 2474 2674 1221 766 1037 3062 2256 1473 1305 2323 697 1922 2485 2507 1991 3238 2704 1614 2472 2476 457 1521 600 311 2473 1098 2702 2701 2707 2236 3088 2065 996 2542 2968 634 1972 1062 836 2871 1064 1211 3180 1166 2688 3225 1374 3000 2497 1583 2958 2257 749 1885 1608 899 3020 24 872 2703 1492 2135 1151 2872 3147 2559 3095 710 784 1549 988 3098 2297 769 3209 2229 2964 2696 2120 2272 1794 2686 704 2565 1395
2231 3020 2703 3028 3024 996 2686 3062 2435 2105 988 2690 2651 2660 2542 1200 2251 2790 2618 704 1820 1166 769 425 1608 1749 2507 826 2510 1549 2688 1885 2003 766 3095 2474 2230 2565 1042 2842 2617 2697 1319 1305 2576 1985 3031 2912 2871 3034 1204 2285 1006 856 3055 1504 2236 2674 1583
2234 2228 2229
2237 1018 4127 4842 2427 2384 1075 4856 68 3208 2564 1746 3026 4834 4852 4838 1509 3350 3519 826 3872 637 3290 3034 11 2686 4600 3454 4044 2859 4849 3917 1855 2289 3208 3402 3796 1185 2994 3871 3210 4841 2972 4853 4415 363 3685 1915 4833 2733 3035 2704 820 789 4846 2458 4854 4818 24 122 947 2978 766 2014 986 2909 2707 3059 4845 66 1783 2240 3417 4077 4212 2967 3028 3453 3108 3159 3787 3209 2686 2592 2376 4659 4843 2444 3607 3658 122 4844 1549 2009 3869 4848 2485 3210 2653 173 2016 4835 3144 3025 879 127 1639 3479 4847 3472 4850 3593 3624 4837 825 2688 4851 4688 4072 974 2472 1644 2565 2440 457 3794 3088 173 3449 3498 432 4855 4040 2595 3603 4687 4832 4836 36 3394 4045 3447 1166 1132 2565 3615 2696 4840 4839 805 3211 3321 3199 1697 1767 3854
2240 2133 11 1549 172 3450 4221 2328 1621 1980 3976 3291 1319 2972 2093 1151 1395 2274 2230 457 1997 3615 2487 2488 215 988 2118 2535 2658 2967 1754 826 4044 2435 2651 2072 1210 3276 1542 1977 2376 988 1098 3449 766 122 1350 3145 3453 3830 1811 695 306 2256 1133 1549 996 4127 3456 1135 1166 2065 4142 3634 1166 4040 1766 3630 1062 4220 3624 2688 11 1608 1537 3666 1670 974 1835 3352 47 2565 457 879 4219 836
2241 1496 1734 1705 1386 1985 1919 42 457 1583 1868 1783 766 1151 2239 946 2001 1997 311 1137 1549 215 813 2156 1395 1639 1221 1521 1062 310 173 2169 1980 2240 11 36 2062 2236 1098 996
2242 2243
2244 2099
2246 1756 1794 2169 304 1783 2257 1151 1977 1730 1919 996 1734 1135 1800 2258 1997 2236 1772 180 2210 2118 993 2120 1374 2062 1395 173 2250 1566 956 11 1621 457 2052 2259 310 1608 1378 280
2247 2092 831 2198 62 2084 2099
2251 3059 2707 601 2371 988 2702 3047 2473 1789 1608 2704 1291 1814 2674 1280 986 3056 1783 1305 3074 826 1236 2912 2727 3076 937 600 1549 1705 1098 1062 2299 3072 1424 1754 2940 2549 1151 2114 2237 996 2871 2968 3075 1267 2252 1247 2948 1492 2576 3071 3026 2411 1395 346 766 2236 1202 722 2541 2565 2233 3010 2665 2688 3007 1837 2598 1919 2506 3033 1795 813 432 3060 3073 3046 2605 1496 1200 1166 2135 1794 854 2474 842 1922
2252 1305 1984 2693 2326 2651 825 813 3633 2653 2699 3787 3394 3576 11 1967 1972 2988 3576 3402 2328 1428 1549 2967 2713 2290 2674 3032 3032 3470 3009 2842 457 988 2565 2658 3379 1549 766 3461 3026 2657 2688 3028 3026 2326 2923 3786 3349 3290 3482 2700 2290 2713 60 2618 2237 2967 3477 3961 2674 2209 29 2688 2719 2411 122 2660 2565 3010 3577 2585
2253 173 2062 1769 643 1919 457 2014 1151 996 11 1608 1756 1888 1050 1868 1210 1374 2252 2210 376
2256 2594 3041 2651 2822 2958 784 1732 3005 2618 2473 1062 2485 2384 3039 2504 1875 1098 2831 1492 1705 3038 2474 2411 3017 1972 1767 1428 727 2072 3006 2118 1549 1820 2964 1885 1042 2967 1614 769 3040 766 2135 2299 2240 3028 1816 2559 1496 2646 2560 2365 2375 87 1848 1814 122 3044 2790 1419 1135 1097 2237 3043 1305 836 1808 1991 1583 988 1608 2923 2435 3018 2497 2746 2541 2230 2236 600 986 1500 2549 2688 1538 1537 3042 2662 2665 2840 826 2565 3037 2240 2174 1291
2257 310 2657 2871 2988 1247 1374 3557 1972 3175 2700 1236 3457 1151 2765 521 2747 3055 1885 2623 1132 3528 763 2440 1166 11 2688 3404 306 311 3568 2237 2689 1549 2967 3417 3032 3622 2713 3527 3352 3611 122 2290 879 2653 2658 2485 432 3196 2379 3028 3304 3658 3523 3614 3458 784 2651 988 2789 3010 1305 2565 1382 766 2328 3477 3394 2326 3482 1951 2009
2258 5553 4070 4468 5184 5171 5188 2145 1374 3854 4967 2688 5684 5391 1151 5263 3315 3390 3813 766 749 5600 2760 5190 5179 5176 3447 3786 4310 4099 5180 2565 3787 4536 5382 1697 3015 4276 580 4036 3449 2968 3453 5639 4550 1549 1166 5189 4353 3614 3631
2264 1991 2256 2768 1608 1215 2557 1466 1705 766 68 813 24 1875 2856 2594 2184 1151 2371 2476 2085 2859 2595 1772 872 2858 644 2608 2647 1166 2792 1098 2855 1374 2507 1000 2857 1024 1395 1919 1555 2472 113 2701 1357 87 1463 1729 2072 1748 1468 1050 403 2473 1549 2474 2840 407 2565 432 1200 1390 2186 1305 2328 2550 348 2542
2273 4828 2270 109 5439 2972 173 4792 996 457 2269 5185 1151 5531 2268 2267 1549 5816 5524 5079 5739 1756 2765 1919 1583 5697 1608 1621 172 5125 11 2940 3786 1210 5644 904 2062 4967 5140 1074 1997 1922 2236
2276 5123 2688 5819 3976 5246 4795 5184 5656 2595 5176 5457 1542 4310 4988 4297 2667 766 1549 5804 5002 2278 5857 5179 738 4045 3404 3601 3630 1353 5814 5079 5655 4483 2276 1166 5787 4632 825 3995 4824 3641 5189 3642 1133 68 3449 4967 4899 1428 2120 4781 3982 4557 5809 3634 3956 5796 1814 5684 3459 3456 789 2369 5612 166 5543 6042 306 3614 5531 6043 5301 24 5020 3815 4073 5934 2237 710 5582 3643 173
2277 5263 3786
2281 1210 2249 20 1717 904 647 1489 996
2285 1749 2062 1051 1074 2240 825 5532 4632 1055 1350 2775 5079 4687 1972 6578 3032 5022 3447 2234 6583 2308 6579 6580 2456 6582 3642 1608 3472 2169 2686 2309 2282 2576 6305 1919 3233 6584 6585 6581 5531
2289 2565 4212 2237 2727 798 4148 3454 3352 3688 3724 2145 4124 4211 4261 3456 3691 302 3457 4065 3635 2135 2747 2713 3451 11 1473 2356 3905 2290 457 2298 2322 2485 1537 2559 1133 4001 3645 3748 4315 2693 3033 3813 2326 4234 3032 4138 2688 2651 2707 3660 4123 3168 122 3659
2290 2838 1820 2693 3209 2326 3033 3056 2747 2842 2411 710 2237 1166 3481 1972 1919 766 3404 2651 3333 3325 2940 3375 2674 2547 784 2542 1766 2700 3291 2967 3439 2686 3009 3290 1549 2288 2688 3180 1132 2255 2297 2658 3531 3144 2713 3032 3381 2871 2364 3379 1221 813 1367 128 127 2703 1428 1795 1305 2565 2099 3380 988 825 187 3498
2294 2671 2672 2569 1670 2620 2673 2169
