167 59 5
168 59 26 89 138 19 23 48 162 71 156 39 80 47 154 37 9 6 10 20 8 21 92 11 5
171 1395 1615 1204 230 978 11 795 1211 90 11 810 904 1167 1549 686 993 663 1252 805 971 769 1135 810 1279 143 870 310 1248 1492 842 166 1594 1114 1160 1487 986 1374 1133 1587 1114 1129 1234 941
175 5 173 8 10 23 77 56 231 51
178 11 67 154 237 13 406 280 426 236 231 215 268 412 33 441 8 127 28 6 432 104 150 3 439 74 42 292 440 232 136 14 47 340 72 438
182 6 46 8 263 3 275 383 143 130 19 151 319 25 152 142 39 426 43 103 72 27 38 14 157 180 20 47 178 26 236 28 580
183 29 26 8 87 11 27 23 182 181 179 177 33 94 35 180 143 10 19 178 66 41 20 14 17 6 58 21
192 56 453
204 2541 166 3031 2623 319 1585 2565 157 988 1210 2693 2713 946 838 708 1875 1319 2700 1132 2686 1037 3144 308 722 3053 1972 1374 659 3530 407 2560 1614 3386 2790 766 861 306 290 109 2900 2290 2871 3009 2117 3345 2688 1184 2651 2237 371 1151 317 784 308 36 1922 193 2535 182 1247 695 1166 132 154 2842 2703 813 2323 1471 371 2653 2485 761 1097 1473 72 425 1549 2542 2240 90 310 2564 1055 143 407 1305 1297 996 1783 127 2474 1135 1717 2297 788 3189 2209 1614 122 2326 2702 922 3380 282 59 1820 87 974 2660 826
214 166 2647 48 791 143 94 33 185 2778 1701 2230 152 1126 1006 769 15 2472 1305 1166 2864 1769 1465 2865 2822 1608 67 35 1836 188 59 191 125 2133 2508 56 1151 2861 8 2676 29 679 1549 319 290 1614 1705 192 2863 467 51 423 19 784 315 155 3 77 128 46 2174 145 912 2565 187 2559 17 26 28 10 2296 73 1919 11 993 2371 190 90 40 2860 1751 645 2862 1184 189 1717 54 55 2557
216 50 55 28 11 26 37 8 6 143 13 14 47 180 27 128 19 10 39 40 20 215
219 6 21 77 208 10 27 8 19 50 11 14 94 26 59 42 217 12 113
224 339 20 275 14 11 154 282 138 44 592 556 312 46 28 25 8
226 41 36 26 8 140 256 339 25 223 416 35 14 6 72 27 9 71 47 28 143
227 457 6 41 1259 11 1235 1075 171 556 259 339 1062 312 173 600 1055 707 1006 897 35 786 816 715 1160 1279 941
228 11 231 86 57 24 308 98 193 542 232 900 769 9 113 371 151 329 74 317 282 345 860 178 848 254 138 312 187 36 28 139 177 556 110 29 127 6 126 600 59 71 865 306 7
230 1133 1319 1707 1608 1352 1705 1704 1492 1151 1496 1380 1210 24 1644 838 1706 904 853 1487 171 1708 173 1709 1114 1703 784 701 837 11 1006 556 1241 1710
232 150 26 6 426 327 437 8 20 136 127 13 340 247 28 12 236 436 72 100 36
236 71 426 80 151 12 21 561 282 26 231 138 28 406 339 72 23 8 79 6 14 440
243 1063 8 4 943 89 55 926 998 784 730 542 870 21 35 35 549 600 113 29 187 339 710 1066 296 545 310 381 101 72 73 384 245 308 86 1022 47 1029 479 166 6 911 311 1065 852 142 1064 788 382 383 73 320 90 865 789 62 795 967
