2133 2565
2134 3479 3276 1062 4255 3661 2958 2379 2595 4162 2964 3317 813 3568 3912 3417 2719 68 2900 2871 3252 2237 1814 1500 2693 3806 4076 4127 2697 2700 3032 3948 2565 3787 2691 1552 4201 2326 4065 1133 4007 2510 2688 4124 3854 14 3522 4036 4123 1166 3026 2713 2256 943 2297 2972 20 3641 325 11 4229 4073 4136 993 3666 1549 3519 3973 766 2564 3454 2967 988 2328 3819 3813 3724 405 3352 3965 4191
2135 3199 2274 2225 667 766 2257 1135 1200 2968 1922 1374 2012 663 172 854 3072 1470 2703 3092 2688 1794 2473 1127 2660 3095 2912 2230 1885 1608 143 2029 1305 2940 2692 2686 2842 2790 3020 2871 3098 3024 2565 2229 3032 1549 290 1506 122 3026 2009 2696 545 2872 2285 2909 36 2702 2737 1151 2485 3010 2014 1267 2236 3062 3033 996 988 2373 784 1166 315 2704 1594 1210 3081 2507 1051 2474
2137 2093 1608 24 1428 2062 11 1037 946 1919 2136 173 1381 407 1615 1352 1965 948 1714 1374 1075 1395 993 128 457 1151 2072
2144 1549 3000 4219 4440 3456 3439 2326 2541 4040 4596 2576 4063 2504 974 2790 4459 2660 2859 3965 3457 3394 3666 4250 1055 2145 2697 2653 3457 1102 3615 3451 4127 879 3450 2134 2565 2411 2696 3350 4073 3056 3461 546 4448 3449 2713 974 3977 4065 2765 2398 1062 15 1647 4151 1813 403 1789 3352 4547 3454 2297 3643 2688 4076 3453 766 3455 24 582 813 11 3796 3976 457 4597 2842 2257 4594 3641 4045 2658 2565 2972 89 1133 2237 4199 310 3462 2967 4191 2488 2290 2129 784 4431 2605 306 4595 1896 2548
2145 4547 2120 127 4045 173 1319 3034 1297 4212 1922 1608 2258 3352 4564 178 1374 3145 4044 11 4040 3607 1127 3812 1808 306 4587 3456 311 4001 2981 4664 122 1247 2062 2506 1537 2256 457 1977 2237 2249 2546 1670 4665 3902 1980 2967 2225 2651 3796 3449 1813 2760 4222 3028 2488 2125 3009 2535 722 2542 3519 766 4448 4486 1166 825 996 4152 1496 546 2871 2194 2932 3345 371 988 1286 2565 1756 1395 4077 3541 2688 2135 457 4647 2236 1063 2274 2257 1585 11 2474 2972 3455 3615 4151 2951 1608 1522 4144 1166 4219 854 1133 36 1549 2660 1888 1986 2071 3258 89 319 1184 2747 3453 3026 3614 1151 2485 3631 3956 4377 4488 2326 2297 695 3787 1749 3641 3350 2859 311 1919 784 1497
2151 1124 1390 304 1549 2062 457 2150 2146 161 928 1352 1962 173 1125 2141 56 1700 1757 1211 11 204 265 781 1395 1420 1350 1564 311 1236 920 2144 1661 1319 1248 2072 2148 2143 978 1133 1997 1380 2142 761 407 2147 1772 1055 310 1838 1687 1428 2145 136 1151 2149
2157 44 2072 1919 1350 1997 826 922 2155 1129 1352 2093 706 439 1962 1592 42 1985 993 313 795 86 193 1838 1948 1039 1211 1497 113 1151 1184 1772 1210 1055 308 457 1888 1419 173 1549 2062 1717 1808 11
2160 5816 2369 1319 5179 6753 6097 2328 6526 6795 6488 5697 5655 1074 5796 5822 5189 2565 6483 457 326 1796 6781 4598 1151 5121 5022 6443 6794 2240 6305 3641 1608 5123 5254 3084 4967 5185 3378 1331 6608 5524 1129 6272 4076 4144 3586 6717 2174 6243 546 1193 425 5814 6744 1506 68 2576 2790 3642 6577 2621 5188 6522 6793 3010 4099 5582 6615 3956 4116
2165 1166 1151 371 457 33 1428 1925 1381 1420 1997 2062 1962 1210 308 20 1352 1549 1037 949 1462 1670 706 173 1592 1644 1608
2168 1549 993 1608 1837 1203 11 1124 1997 2062 1803 1428 1335 407 1615 1772 2167 1210 1395 1221 1374 173 1838
2174 1500 1097 2792 978 2550 2169 2557 2898 2497 710 1875 2840 1151 2135 59 1741 1772 2576 1221 1473 2647 2168 2651 1098 1211 2899 1991 996 2608 2565 2297 2371 663 2775 2502 2186 2768 2240 2701 2474 1200 2790 1621 1980 2900 310 2435 2473 2594 2323 1166 813 1808 68 1395 2605 766 2133 1594 2093 1062 1390 2256 2328 1537 2510 2542 2595 1608 2546 1521 2822 2485 2009 784 2618 826 1922 1374 1305 764 1592 1583 2365 2472 1549
2178 1492 1098 2062 1615 1700 1006 1967 1350 1395 1997 1168 11 1608 1772 1838 1549 1847 1062 1335 1166 1521 2072
2181 1210 173 319 961 1395 1707 704 42 1353 1098 2179 259 1006 1549 74 1615 1997 1202 2062 2180 21 948 1352 1608 11 1374 1151
2182 2493 2095 2491 2372 2099 2462 2492
2185 2099 2095 2184 2084 2092 2183 2182
2193 769 11 595 1542 1286 1374 2052 1594 2095 2389 2255 2387 2072 813 1166 1608 90 1836 2328 432 1986 2272 1151 2009 1380 62 2363 2099 308 110 313 24 2323 2281 2297 1098 1011 766 1585 1395 1210 2390 1756 173 708 1211 2388 1628 2233 789 14 1549 66 2062 1293 47 2091 2133
2202 2200 1374 1997 2062 21 1009 1428 1151 173 1006 1395 2201 1583 2169 1922 1700 11 334
2205 1919 341 1891 1614
2206 1286 1151 3439 2653
2209 3010 3483 1549 3394 2674 122 2651 2398 2693 3470 2658 2186 996 2653 974 2790 766 501 1470 1972 2240 3349 879 2326 2618 24 3056 2967 3026 449 2328 2700 3055 546 1967 3466 3477 1166 2118 3439 2237 3028 1985 457 3252 306 2290 2842 68 988 3379 825 2297 3482 1767 2547 1259 3512 3144 2688 813 1151 2411 3343 2713 1305 2623 994 2565
2210 1428 3439 3666 3724 11 2688 988 1972 1997 1868 311 2072 1050 2964 1037 2700 1221 1608 2326 1151 3798 3477 2967 1772 3562 3720 2144 3645 3815 813 3924 3624 3541 3028 2940 2654 3107 2290 1749 1608 534 2129 1919 1084 3814 263 304 173 3192 1947 2285 3646 1832 2655 996 4006 3735 1297 1749 3641 2145 2398 3297 3661 1717 3317 4007 1210 2062 795 3084 1133 2356 1885 3961 3770 2560 1838 1522 1711 4015 2713 3276 1621 3454 1813 2411 2565 2174 4000 1795
2211 993 2071 1420 1754 1166 1428 784 1210 1621 2210 172 1986 2062 907 1962 1496 56 204 1352 1644 1151 173 1919 975 1050 1888
