4764 3010 4967 3641 457 6712 5543 2565 1098 53 5173 6781 6323 2688 6305 3642 5800 6377 5273 5796 5802 6615 6522 5188 5524 6736 3459 5531 6837 4788 766 4717 6032 5697 3381 4828 5185 5818 6359
4776 4774 291 4756 1127 3449 3787 4688 4219 4773 4040
4777 5079 5263 5396 5421 4980 3449 5645 5295
4778 2790
4781 5934 4045 3658 6118 3634 1542 3614 3092 2667 1166 6043 2485 2456 457 766 3607 3027 4967 1385 3641 3985 4310 5179 5125 5484 3642 3449 3457 6120 5531 3378 5172 5630 5028 2688 5177 3478 2237 4824 6068 5617 5166 1133 5696 2384 36 6119 6121 2258 4600 6075 4899 4574 813 4099 6094 5543 5524 1151 5787 5189
4786 3291 1733
4791 5697 6533 6535 4786 2328 3274 3460 5811 6534 3354 1074 5022 5768 5933 6314 6536
4792 3603 1204 4045 2967 4547 4041 3796 854 789 4587 2565 5002 1799 3969 2651 3449 6 3402 4824 2972 4746 457 2660 24 1133 5000 3843 3453 4948 3455 1470 3803 2935 4219 3452 2688 4859 4681 4792 4632 4600 2145 4937 4706 2914 2871 4688 3210 1151 2557 3209 4036 3456 5001 3447 4536 766 4065 3614 4485 3897
4795 766 2972 109 5179 2667 2328 5582 5697 5457 5179 4045 4828 5806 3456 68 3919 5423 5263 3453 1701 3641 5644 5608 3447 4673 5798 44 5188 5802 5189 3447 2688 5799 1608 4653 5177 788 3458 457 2655 546 5180 5189 1972 5079 5079 5817 2276 4712 6218 5439 3586 1210 3032 2256 4813 5123 5110 6305 3380 5022 4824 4483 5171 3461 5796 5839 3449 3642 5871 4041 5089 5185 1796 457 4967
4796 3462 3453 4282 4219 2972 4789 3830 4792 4788 4076 1468 4785 1041 3449 3305 4261 3787 4116 1184 3402 1647 24 4794 2565 4725 3743 3796 4791 4786 1200 4044 4790 4211 11 2237 4774 1133 4787 4793 2967 4486 898 2903 3354 582 3835 2688 3451 4045 3073 2699 4534 3447 3454 3969 947 4688 2618 3463 4756
4797 5176 3813 789 2576 2972 2264 5188 4966 1470 1055 3835 5691 996 2660 766 4828 4948 5181 1374 3449 3786 5603 950 4036 457 4662 3601 3787 3478 3642 5179 2651 2935 4483 5118 4824 2549 4138 3455 5263
4798 4717 6218 2145 6312 1613 2223 457 5817 5423 4441 722 1210 4103 5110 4045 5697 5177 5802 3642 6299 5961 4212 6380 2688 6324 5185 5189 2667 4673 5612 6379 6381 3456 5799 5798 2256 109 6360 5079 5626 172 4632 6298 3615 766 5179 4799 2547 3449 5524 4967
4808 3728 4045 4219 280 103 3787 3402 2117 1985 3451 4807 4511 1468 789 3454 4757 2565 4688 11 2688 3835 3463 2516 766 3449 4806 582 325 4488 4774 4056 4805 2237 3027 4592 4725 1133 4803 2129 2613 4632 4804 3453 4036
4811 2967 2398 4688 2859 1847 3568 4076 4001 2790 457 2297 1783 3641 2565 1492 1549 2326 2256 4774 4574 4219 1621 2688 3461 2658 3976 11 582 291 2693 3729 4564 3454 1623 4757 3394 1133 4127 3666 4810 2972 1687 4040 2747 4261 3168 2237 3787 3462 3449 3463
4814 3479 4665 11 3666 2485 4040 1133 4757 4441 2565 3449 4805 2932 3453 2832 3454 879 3787 2549 4813 335 2972 3956 3854 4632 4219 4688 457 346 4633 2688 4774 4076 2237 4045 3463 1468 1473 3447 766 2967 3835 3796 4717
4815 3447
4820 4072 3660 457 3449 3455 3601 742 766 2737 2688 637 3691 335 4662 4415 784 3463 2117 4219 825 4818 4819 2658 3073 2832 3402 4056 697 2135 2565 1133 4688 3276 789 11 3168 4726 3787
4822 346 3454
4824 3845 766 3290 4846 2237 1823 3614 457 5140 2658 4967 2688 5200 3995 4948 4829 4899 789 5290 5020 5184 4310 4976 2299 5291 5190 2871 5243 3191 4726 1133 3449 2972 3238 3453 5289 5189 4073 3522 2565 5079 3352 4687 3209 4710 5263 3796 2369
4827 4186 4045 4826 3026 2688 4774 1473 825 432 2972 854 3463 3456 3835 4441 3175 4211 2135 3479 4219 2485 4814 1133 3449 4688 4298 310 3453 3469 2145 2237 4151 4434 3352 4041 766 11 3402 3854 3965 3796 2117 3350 1310 2651 2655 457 1468 1051 2565 319 3073 3452 1137 2226 2488 3326 3451 2967 3390 1688 2871 789 3787 24 2653 2504 3457 3447 2440 4040 2257
4828 1701 5934 86 4489 6068 4560 3995 4441 1166 5262 4426 310 5961 3456 3614 5704 2667 2237 319 2440 68 4899 3015 4632 173 2384 2186 4894 2972 5226 5079 4827 5437 3479 5427 5178 5739 1767 2967 2686 4441 5189 5185 4948 2613 3447 2387 6092 3458 2688 5612 2485 2384 3642 1151 1034 4448 4099 3478 4827 4221 3854 3456 6075 4045 5085 4717 5179 4295 4741 5862 4329 3666 3586 3461 3028 4967 2967 2793 2688 457 1041 2485 5804 5543 5125 4563 4859 4219 4974 5116 3787 3455 3449 3274 5787 766 4099 4353 6091 5531 2369 4310 5796 5079 6070 4712 1133 4846 5524 4219 6043 3457 4824 727 3641 5817 1542 2760 6093 5932 4076 3449 4976 4073 3453 5177 3666 5110 173 27 5116 4587 4483 789 5839
4831 2859
