3529 1374 2565 2688 2654 2129 3477 763 3392 3173 3180 3522 11 2700 3404 3026 2237 2411 2653 3524 86 2831 3458 2727 172 1259 994 1549 2510 3526 3523 1872 2689 3519 3527 457 2485 3352 988 306 3525 3520 3010 3304 2326 1972 2660 2328 3469 2967 2747 2290 3196 3144 383 1305 2713 1062 3394 2693 3175 1009 71 3028 3276 2497 2939 3005 2297 3521 1098 2116
3537 2988 2654 5060 2565 5039 2932 993 4073 3787 1783 2371 113 3455 4509 2297 3173 5062 3651 4151 1210 2485 4527 988 3031 4859 24 4899 1769 3402 3394 1701 4943 3658 1542 1384 2371 3976 3562 1296 4746 994 1296 2697 1286 3453 4212 1137 2326 3192 36 822 1133 5061 1492 2658 3084 710 5063 5024 4967 4211 2660 1701 4974 4535 103 182 4824 86 4275 4947 2595 2653 1566 789 2658 813 1381 3457 1247 2871 3629 4587 3454 2328 122 2237 1667 4937 3479 4044 3969 346 3180 3447 5040 2935 3452 4483 3794 2693 4973 1803 749 3094 2706 3796 2923 1922 4948 3748 2145 2653 556 2988 2688 11 3059 3568 1166 306 1151 2790 2585 3059 2972 2565 4077 4547 2135 2986 3854 2564 3956 4982 3390 4964 1549 2696 1967 1381 3652 5036 2693 3863 2696 4879 4441 4338 3691 3026 3449 1137 4045 3456 1470 766 3595 879 1734 319 1204 825 3175 4261 4428 2702 766 27 3018 4124 3813 3614 3458 3010 813 383 2707 2981 2411 4355 2237 3352 3641 3026 173 5059 1166 1566 4653 3192 2290 1688 457 3274 4665
3538 2686 1166 2842 1749 2565
3541 3032 2369 988 3175 2379 2975 2660 2237 3786 3394 3719 3823 2651 3824 2976 2613 3258 2290 3127 2299 1305 3406 3556 3562 3343 3525 2688 2230 3615 2658 2565 2326
3547 2565 2497
3548 2790 2565 3439 2497 2653 2651
3554 1166 5191 2369 4347 1374 4563 4671 2001 634 5452 1055 4364 3787 865 996 1542 1097 3666 3845 3522 5296 3806 4632
3557 3660 3018 3032 3731 4433 2565 3477 2485 3304 2237 996 3450 3284 1210 11 1813 2565 2872 457 3614 3449 3787 2688 1133 4072 3010 988 3674 3461 3615 2326 3633 2510 2972 3168 582 2658 766 3522
3562 166 3630 4062 1549 3005 1947 2585 3666 1972 3854 2713 4039 1749 3615 3977 3024 2565 3714 3839 3724 465 3862 3631 3661 4072 3785 1691 1783 766 4075 1496 3168 2859 4070 4061 4059 457 4071 2508 3084 2474 2693 1596 3541 4073 3949 2323 2654 2972 4066 2326 3645 2332 3378 2974 4074 2967 4064 2688 2210 2719 2746 1248 4068 3375 2618 36 2594 4063 3719 3614 4036 306 2991 1838 3720 2109 3991 825 2657 3394 1990 14 3568 3291 4069 3641 4067 308 1097 2697 2297 3729 3496 4065 3276 3813 4040 996 2328 546 3660 3561 1608 2256 2674 2651 11
3567 3031 2326 3028 2546 3188 3469 2290 306 2565 3032 3439 180
3568 2289 2326 2258 3796 4214 3813 3026 2605 784 4261 2972 2504 4065 3168 4124 2653 2707 4321 2696 1891 879 3666 3000 3591 4320 4314 2932 2587 4066 3917 4317 2559 3614 2290 3519 4318 4138 1549 3624 3794 2129 4316 3814 1492 2544 150 3456 1133 4098 2297 1621 3635 4063 4211 4292 2657 4141 2688 3777 3479 1537 3084 3965 3800 2237 3660 4319 2328 24 825 3258 2217 4151 3144 3615 4312 2871 3032 3724 3787 53 3033 3659 2981 4077 3453 2775 798 3457 737 4137 457 2713 4273 2548 4152 2485 3454 3631 2565 2747 3956 122 3521 2693 1553 3317 3897 2135 2859 1006 3645 2967 3641 3034 1063 742 4313 11 4001 2923 3394 3691 3661 2832 3352 4315 3720 3658 2691 3028 600
3576 2252 3527 3040 3301 3894
3580 3470 1098 2299 1549 1783 2411 988 3569 974 2699 407 2559 3010 2290 2651 2842 2594 2657 2118 2653 3562 172 2693 3349 2326 3384 2688 1097 3005 1305 2713 3028 3479 2323 3578 2658 2747 2967 1538 1967 122 1210 766 2565 2237 3304 1972 2660 1623 2365 3031 2700 2240 2617 2398 2485 813 2790 3024
3586 5123 5987 4040 5984 5655 3458 113 1210 5316 5079 4070 3666 4557 4981 3642 2667 4045 2688 3498 1041 2410 1166 5796 5342 5983 5246 5343 5176 5857 4574 1133 4974 4964 5989 3614 4828 3995 1542 3798 4899 5697 2623 5543 3452 4036 5624 2258 3404 457 5836 5988 3345 3916 1701 5427 2595 4151 5714 5770 5982 5985 1496 4632 4824 3478 4709 5986 5484 5981 5524 68 4967 5883 5180 1000 4276 5437 4310 5819 5177 5990 5189 789 3571 24 766 36
3587 3290 3333 3469 2290 3582 1384 1717 759 766 180 872 2485 2612 825 2842 127 3586 3584 784 3010 2416 2565 1925 3258 3189 3377 2658 2688 3349 3470 3032 1549 1972 2326 2209 2699 1967 3026 3055 2065 122 3585 3479 2145 2706 3291 3056 1647 1305 1032 2653 3553 172 2838 3583 265 3477 3252 2967 813 2693 2297 974 3581 1210 3404
3592 3036
3607 2118 3352 2651 2565 766 2003 4036 3615 319 2660 2972 2935 4045 3461 3081 3854 1470 3969 3453 2693 4688 2186 2967 2488 4948 3449 1733 1552 4065 3026 1166 749 2226 2381 633 4219 2557 5003 1133 2456 24 4338 72 2014 3641 695 879 2297 4044 3796 3086 2328 789 3456 4859 11 2688 2535 3402 3660 3614 2504 1717 2811 68
