3609 2658 2565 2967
3614 766 5961 5799 5818 6324 5796 1796 546 457 5177 5185 2276 4673 2231 5110 5179 4441 68 5697 3009 2667 5103 4045 5423 4967 20 5812 3642 2688 4813 172 2686 825 5802 5022 6360 3919 2135 2172 5079 4073 1470 6146 3028 109 1717 2256 4310 3449
3615 3258 2693 4152 2967 457 3796 2560 3034 2688 982 2411 3666 3855 4151 3813 3635 3973 2595 3394 1549 784 3660 2565 4231 2549 2379 1500 3110 3661 3276 3352 2697 947 4040 3591 3375 3814 4042 3724 2700 1951 3032 2991 3752 3691 1769 1137 3965 2356 4076 3720 2485 3568 2326 766 3026 4124 3969 2297 3912 11 1236 1166 3469 2972 122 2299 2651 4065 2713 2871 3225 4197 3380 3631 3479 2544 2964 4123 813 1133 2328 2859 2653 2240 4136 3168 2237 4228 2932 3200 2951 3557 383 3519 2988 3373 3350 3192 2585 3641 3454
3616 3613
3629 2497
3631 2379 5524 5188 3439 7189 2506 7184 2326 3292 1549 3786 3787 4764 5531 6615 5529 5775 3479 5002 3381 1838 143 6624 6913 825 2474 4136 7187 697 7104 2565 5582 6918 5596 2688 4009 4042 2831 6714 5103 4662 3498 2967 2381 6327 5173 7099 3527 737 3168 4036 3985 2145 3661 4964 6665 5697 5179 6907 6620 1166 6906 11 1639 6305 3819 4123 1374 4127 2258 784 4967 7188 3641 406 4238 766 6518 766 3660 2381 789 6494 5217
3634 68 5612 5524 6547 3586 6394 5796 3394 6270 5998 4355 6241 5819 109 4073 2493 766 1811 3483 5188 2371 5193 2688 4331 5002 5177 1074 3614 5543 5582 3571 457 3643 6248 5103 4099 4041 4795 178 5980 3642 6545 3458 5189 5140 4441 5215 1549 5822 1623 1381 6546 3995 3691 5812 6548 3925 310 2369 5802 5123 2653 964 5296 5857 4967 6024 4353 6305 6068 6544 749 6503 216 3985 5079 4587 3381 2765 395 5531 5816 5452 3028 3457 4065 5185 4899 1542 2972 4310 5702 4994 5797 4673 1210 5171 5125 6220 5803 5316 6272 6488 5697 6479
3635 3453 4077 766 3449 3568 3451 3902 68 697 291 3352 1748 2967 825 4045 11 3985 3456 2932 4688 71 3274 3394 2564 2972 3454 3472 3969 4040 3452 4723 4437 3032 2651 663 4099 432 4712 1661 3350 3796 2411 4222 879 4661 2688 4441 3447 3615 1166 4485 3026 3028 4224 4219 4682 4142 3378 122 3110 3463 3634 1184 302 2237 4211 2256 2565 1133
3643 4564 3911 3771 5246 4219 2667 2277 5520 4045 2686 4189 2557 68 1166 2851 4276 4040 2605 1137 4632 3614 5106 4099 5301 1286 5316 3455 5176 5020 24 3404 3641 3877 3854 2387 3571 4310 3449 5079 4151 5262 4712 5871 2237 3009 4899 5796 5543 27 3806 3877 6028 4073 2256 1133 310 2369 5399 4072 3258 5171 4189 5582 5179 5184 5102 5534 5739 2440 1549 4536 3453 2576 4041 3459 319 5857 5714 3452 3634 4298 5139 5166 5180 4688 173 5691 1151 5834 2693 3642 29 4557 457 5819 2688 5655 766 3641 4298 310 147 4967 5002 4073
3645 1814 2707 3451 3306 1062 4454 4142 2326 2688 3724 3660 11 3719 3449 4295 371 2322 3450 3541 1468 2548 2958 4297 4077 2411 3591 3402 3394 3456 4073 1196 1621 3615 4456 4315 2653 3977 4312 1133 4457 4455 2859 3454 2651 2145 3956 4138 3601 122 1492 4045 3813 2646 2657 766 4074 407 4111 2713 3568 2237 2565 4422 1542 3557 2842 2129 4151 988 3334 2485 3032 4063 4214 3352 3643 2972 3388 2832 3965 1661 4065 2585 3026 3917 3375
3646 3046 3304 3636 3477 2565 3777 3660 2326 2923
3650 2549 2595 2832 3457 3192 3622 3630 3527 3024 1166 784 2697 3522 3144 2747 3600 1167 2653 3392 3637 2704 2504 2707 3642 1319 1985 3647 2871 3256 3645 2651 2560 3026 3646 1922 3148 2237 3638 1550 3639 825 11 879 3252 3009 2411 3640 3033 3055 3562 3477 2654 3480 53 2398 1626 3290 275 3196 3634 2958 3541 2972 3394 2593 546 3643 2297 3641 1549 2565 1885 3439 1075 2485 166 2968 2790 2547 1820 2713 3635 2356 3352 2328 2674 813 1031 3404 3636 2900 3615 3010 3631 3632 3633 1583 3028 2326 3168 3276 1972 2699 2859
3660 2693 2264 2237 4001 3454 3451 2713 3615 4151 3350 1133 4315 3666 4324 24 2658 2485 3813 4375 825 3352 3144 2605 3635 1980 4142 457 4074 3456 3107 3624 3631 4124 1168 3394 3659 1550 3724 2326 798 2144 4152 2967 2298 3630 11 2565 3258 4266 3568
3661 663 556 3519 879 2688 2871 3666 3276 4065 3144 3034 2658 3724 3457 3317 3568 2972 4357 798 4074 4211 11 2932 122 2651 1748 2328 24 2696 3971 2237 1549 3813 68 1133 2326 457 3456 3630 4142 2560 3969 2700 2565 4355 3352 784 3479 3028 2713 2297
3664 2440 2565 5110 789 310 4899 3615 3998 2972 3456 3172 2688 2693 4151 4276 3449 4502 4964 3463 4686 766 4725 2516 4441 3447 763 5154 3352 1467 4448 841 3796 5119 2145 4948 580 4471 4846 4653 3658 4074 4967 1133 2658 4045
3670 3010 2713 3032 2290 3028 1210 3352 172 3553 2565 2660 1522 3180 2686 1749 3439 3567 3470 988 2747 2326 2688 2790 2576
3680 457 2651 1848 3404 2114 3375 2230 1142 2790 3457 11 1305 1622 2565 2688 2237 1259 722 405 2700 856 3525 2411 66 3454 3633 1869 695 3466 3084 1473 306 784 988 2653 2257 2614 2326 2290 3611 3144 3301 3541 1151 704 3018 128 2923 2516 1306 861 2799 2967 1972 432 3508 1286 2564 3010 2009 266 127 3678 2747 2485 1717 1034 36 1767 1639 3567 3556 3026 879 2559 1549 1614 759
3681 2105 3589 3477 3142 180 988 3333 3032 2565 2326 3276
