1641 1395 1585 312 6 1487 1492 1685 1357 311 1549 24 317 1279 1615 11 1319 1471 1683 1447 826 1167 1610 870 310 1684 978 993 1555 771 1236 407 1594 1470 1386 1608 722 173 1128 1024
1646 722 1585 2473 2133 24 2130 1552 1098 1772 2766 1670 1496 1991 2328 2767 1820 2474 789 2765 2557 2061 2740 2617 2507 1374 68 2596 2768 306 899 1151 2578 11 1888 2072 1305 2118 2435 2209 237 813 2647 993 766 1473 1549 2256 2565 383 2764 996 1135 1137 310 1749 1748
1648 5190 1701 1811 2549 710 4036 1496 5697 2932 3449 2387 5787 1542 1185 2485 2688 432 3796 1428 1549 3614 1645 11 816 457 4824 2510 1487 249 4070 1423 5819 3642 1319 4909 1211 1055 4899 2258 4045 5180 996 5188 1305 4967 710 406 5177 4222 5187 4483 798 3666 5691 1374 6 5824 1204 5606
1649 852 1506 1525 904 311 1248 1350 1428 11 151 1483 173 706 1055 1357 1492 1279 1352 1615 312 310 1608 1594 1386
1652 259 784 769 1055 1594 998 706 1525 1492 304 1377 374 9 1350 1506 6 78 1279 11 173 1127 1571 249 1207 1651
1653 2617 1374 946 2740 2072 1166 1991 2757 2473 1496 789 1684 826 795 2209 1127 841 1164 122 2375 766 1489 2145 1463 813 2272 2555 2256 1183 1098 2510 2133 872 2578 1549 2264 2328 2565 1305 996 899 11 1820
1654 1525 173 1487 1594 407 1582 1420 1319 11 1608 1055 1279 1605 312 1496 457 998 304 869 1653 1585 1492 1428 784 6 1506 852 308 249 1064 870 706 872 78 922
1657 1350 6 11 1615 789 1605
1658 1487 311 1470 1350 1789 805 1062 1496 457 1492 1210 1127 1754 1352 1549 173 1914 789 1032 1319 1555 1615 1916 1717 1915 1917 546 1480 11 686 1164 24 1756 1043 1594 407 1499 813
1661 1167 1357 1571 707 1638 1055 407 432 142 406 993 1615 1632 1471 1133 1644 269 826 1279 173 11 1241 600 308 1487 1492 1660 1658 706 1211 922 998 1350 1607 1428 1549 1202 1659 317 312 1594 1585 663 1193 1352 978 1377 813 1236 1470
1662 1381 575 199 1428 707 1489 998 1185 1204 1608 1127 784 78 6 1279 1051 1594 706 304 1247 11 1487 1506 173 1055 872 1350
1664 2280 1135
1669 1487 1614 1525 1395 432 11 722 1608 1628 24 1193 319 1615 1594 103 954 920 6 128 1667 1668 706
1672 1487 1506 872 1555 310 1471 1267 1335 1608 1279 16 1428 173 1549 86 1585 1350 1615 308 826 312 1357 706 1469 1127 11 854
1678 1319 996 2062 1210 1608 1350
1679 1487 457 3209 1549 2285 2236 3291 2688 826 1297 2576 11 2707 2690 2565 1165 2251 1133 3020 826 2872 3292 988 1204 993 172 1564 3098 1055 1390 236 1367 1203 1521 784 3123 2903 1305
1680 5079 1319 3787 2576 3666 1151 4653 5006 1051 2688 3641 4966 3556 2702 319 5002 4315 978 825 4756 1207 2565 5155 1374 4686 4045 4487 4859 4948 2387 3449 4632 3969 5110 457 3919 3032 4718 3665 3453 4219 5106 4899 2658 3455 789 5232 2972 1032 2411
1687 1564 922 1763
1688 3103 1166 4040 3452 325 2576 1473 3448 4222 1285 3641 4429 3258 1221 3326 4379 3454 3457 2565 3965 3145 3290 3449 3798 1062 663 2972 2473 3404 3352 2326 3748 2871 3854 3615 2379 1133 3238 3450 3796 1522 4044 766 2651 3402 2237 3568 634 4535 4261 4045 4142 68 4151 3463 4509 2686 2932 2688 3417 1286 3271 1813 4433 2967 2653 3394 2111 1284 784 3456 1381 2658 4547 3447 842 1549 4468 2696 2485 582 4545 4065 2605 3571 11 2953 3144 4152 3026 988 2375 3453
1689 993 171 634 1142 1615 6 1492 1608 173 1487 1129 1594 872 1555 11
1692 1690 1203 173 11 171 1555 852 1524 1487 20 795 1492 1473 1608 1691 312 6 1594
1697 1319 759 11 1473 1717 1886 1496 1352 1202 1166 2049 1707 1549 1482 2052 1621 816 1395 1700 1756 762 2050 993 24 1997 1658 1284 1432 1538 1855 58 1711 1428 546 1962 1203 1151 1585 1555 712 1919 311 1594 2051 319 1615 173
1700 2225 2120 2411 2357 1538 2255 2322 2272 1564 1395 1608 1023 1992 1137 1135 2230 697 1555 2118 1772 1766 764 1701 1997 2001 1522 1980 2328 1098 1985 2072 2414 312 1521 306 215 1783 2156 941 1621 2274 1470 1062 1350 2241 2372 1549 2297 1097 993 2133 2410 1151 988 1808 110 2286 1585 1918 1202 1756 1492 1319 311 1622 1267 1230 1496 1055 1542 2399 1489 1552 1480 11 2062 2099
1701 1694 1695 1236 961 1211 1538 306 230 1230 1470 1698 6 1622 1489 1362 1700 1608 1549 173 1357 1428 11 312 941 1594 1482 1564 1555 113 1471 1696 1697 36 1127 1699 1202 707 1395 1487 1466 1496 180 1350 1492 771
1705 24 1707 813 2576 826 1991 2485 128 1211 2913 2768 457 1390 1151 996 1381 1374 2557 1062 1297 836 2371 710 2473 766 2472 1706 2133 1875 2476 1808 1549 2474 1184 722 1922 2186 166 2169 2256 1395 2774 2916 1566 1380 2918 2917 1166 147 2565 403 2365 2900 2919
1706 1549 2398 1767 1127 1972 3647 3290 1922 11 2699 3488 2774 3527 2237 1794 2790 2900 1521 3477 1137 2688 2700 1062 1583 290 994 784 3622 2871 766 2356 3343 3394 2326 3512 103 3239 3026 2506 3352 2872 371 2231 3454 3457 3661 2365 2953 2565 1319 988 3526 842 2713 1966 432 3615 825 3659 3010 1286 2114 2651
1707 993 1615 1281 173 1552 1997 1487 1594 11 2082 21 2072 1705 1267 2063 2081 1210 784 1164 1838 36 2009 1151 1608 1977 2062 634
1714 2215 306 1428 1062 2118 11 1919 1352 2062 1549 1151 1700 975 2217 1868 948 2120 2216 1521 1395 1621 1098 173 311 128 1594 1608 1319 1050 1838
1716 1279 1483 11
1717 1483 2093 915 1350 1869 2072 1386 1872 44 24 9 269 1870 1873 290 1869 33 686 935 722 1166 339 2550 766 1506 1751 1829 1202 795 1480 1925 826 1997 838 826 311 844 457 21 1352 87 915 1267 66 1210 60 2233 1135 2578 11 600 72 2009 695 634 844 1549 1614 1500 432 1871 1089 1594 172 904 1552 1185 1608 2052 11 1922 795 1549 316 44 304 275 1594 1808 310 2626 1374 1202 2069 1795 2570 1428 1166 113 1151 2229 1644 763 1756 1608 546 1210 1871 865 918 813 1615 993 1751 2062 2133 1525 72 172 1644 998
1718 1496 838 1133 1608 922 1555 1466 154 769 161 1350 138 310 86 1006 978 87 1487 643 407 1569 296 315 1594 795 1716 280 204 11 826 664 1034 695 1114 1715 1717
