3772 2497 2379
3776 3774 3775
3787 182 3724 4127 2565 2145 3631 1032 11 1319 2760 3291 2379 2651 3819 147 2217 3168 3920 1133 3917 4199 2713 1549 3635 2991 4076 2135 3912 2326 1754 2256 3032 4042 3568 1838 766 4136 2967
3792 3976 5179 2693 6861 1336 3449 6620 6864 4829 5543 5824 2565 1151 3641 4065 398 5531 1622 4967 1074 2940 3877 2215 737 6649 109 5818 6327 3642 2688 6863 6862 5739 5714 5439 5553 6346 6494 5816 766 3404 5800 3691 5524 3456 24 6500 2135 5697 5079 5185 5796 2516 3381 6784 6359 6615 1639 6866 4828 5188 1982 5095 6217
3796 1667 2972 4534 1789 5175 3916 2240 432 4036 3794 5029 5191 4221 2257 4718 3615 4964 4795 4626 2387 4709 4669 5182 4792 3452 5189 5006 1799 5176 3447 4151 3995 5177 3642 2369 4894 457 3614 4662 4948 4310 2565 1125 2371 2871 3461 3176 4483 3748 2988 2851 3568 3643 4982 1549 5190 3641 3519 5079 4661 4653 996 2384 2702 4625 935 5192 3449 4276 4073 5011 5184 1137 4355 3658 5187 3854 4828 3390 2688 1151 3976 5171 5181 4099 4717 4211 722 3092 4045 4547 2696 4764 4974 5183 4295 5173 1807 766 4967 5172 5037 4432 3453 5185 3456 5179 5178 4041 4632 4040 4899 4070 319 3498 4363 3787 5186 2485 825 1608 634 5174 2967 5002 371 5180 4564 5188 1133 1166
3797 3794
3800 3754 3624 3641 2145 2619 993 2713 1267 3392 2651 2940 2972 2290 71 1241 2256 3643 2654 825 2842 1522 534 988 3961 2504 1550 3682 1813 11 1972 2688 1305 805 1297 2790 2700 2356 3814 2237 24 3110 3568 3394 2398 3724 3519 3978 3562 3979 3477 3977 3633 2747 1549 2485 1947 3352 3317 2328 2653 3949 3770 2129 2872 2326
3803 1799 3603 4045 4967 5179 2290 2651 3527 3032 5796 5802 432 6327 7090 1064 1166 3032 5531 3615 6563 766 3801 5002 5524 6305 6886 643 1769 2565 5188 7052 1542 2613 457 3381 2872 3593 5998 143 2940 6220 5189 5526 6711 5807 6618 66 6620 634 5582 6270 3731 5697 5773 5692 2062 2565 2740 1064 6913 2062
3804 2688 3633 2724 3528 988 3731 2740 2565 3660 3196 3615 2326
3806 996 766 3168 3960 3258 4507 3522 4222 3449 4509 4492 4152 1522 763 3018 2871 3660 2118 3917 1687 11 3456 3454 2658 2298 3453 68 2565 2688 3615 1133 4363 3463 4508 4347 2967 3682
3807 2658 1691 1236 1767 3541 2747 1166 2135 1972 1549 2326 2872 3525 1522 2940 922 2740 3481 1210 3731 2651 457 2297 3806 2660 2145 2688 2653 3084 1221 1820 2790 68 3615 3556 3291 1419 3805 3642 1151 2613 59 3010 1585 1896 1169 695 2290 3258 3633 2700 3562 2237 2605 1891 11 2565 3523 3262 988
3808 719
3809 6620 3242 6360 5173 6991 5524
3812 2237 2689 3615 3452 3350 879 3477 3168 4077 3456 3457 2688 1549 4448 457 1922 3661 3949 2658 77 2688 3449 3527 3631 3394 2542 2699 2237 3748 3948 2549 1813 3258 3633 2932 4144 988 2326 4429 879 4535 4040 3631 4538 3334 306 2859 465 1062 3666 4433 3630 3842 2290 3453 1537 4222 2129 1522 3180 4127 1305 1166 1133 4072 2473 1549 2842 1550 4045 3352 2700 2565 2605 11 582 2713 2118 766 2832 3666 3009 2365 3144 3815 172 3055 2565 3568 1623 122 1550 11 3541 3450 3463
3813 4077 4943 2967 5110 3660 3026 2565 1680 4948 3449 3443 5111 3660 412 4441 3394 4899 2653 1549 3641 3787 4295 2326 3032 1470 4725 996 3568 44 2688 2831 5119 3631 3452 4136 1356 5008 2702 1608 4536 3453 2967 3666 4982 2612 3796 3854 2871 1767 2693 4335 2565 4211 2688 2326 766 2576 4967 3631 4219 2369
3816 2872 3313
3830 457 789 5079 3642 5524 2905 3000 5582 319 1166 173 766 5185 5796 5859 5543 5800 3976 6758 1074 5811 6359 1496 1799 5814 5430 6759 1823 4065 109 3459 5188 5022 5802 1990 2564 1374 6608 11 3460 1935 4099 4967 5819 3035 6665 1762 5697 4737 3985
3835 259 2033 600 825 3449 1874 1353 407 1113 203 4150 1549
3842 3642 1074 5816 5002 1596 6217 4967 2456 5531 5819 4717 2240 5524 4673 6548 5022 737 4813 5802 2855 1972 5697 5189 1549 6501 5188 1814 5079 2585 1151 5796 4795 766 4899 6305
3843 4151 896 4065 3453 1972 3457 3477 2356 4441 3352 1204 2565 3032 311 3458 3455 3449 4045 4355 4316 879 2109 4000 4967 2700 4688 4948 3479 4219 3456 1922 2065 3796 4974 3352 1888 1608 319 3168 4973 4976 4563 4152 24 3560 4034 3402 173 4099 766 2326 4725 4632 2871 29 2693 2872 1133 122 2702 1374 1247 2859 2290 11 1749 3568 3615 3949 2967 2565 1428 2660 2967 2688 2504 2560 3350 1795 3614 2972 4526 3728 789 2145 3447 3814 3454 4044 12 2688 457 2264 4899
3847 2290 3611 3845 457 988 1767 3458 2614 3682 2688 3477 1522 1549 306 2542 3541 3678 2871 2822 836 3175 3010 1305 2940 1972 3258 3691 3301 2651 122 2724 3844 2799 2237 11 2565 2872 3615 2323 2658 2326 813 3026 3843 3352 3084 1901 2967 3031 2988
3849 3848
