3447 4221 4212 2565 2369 4483 3352 4316 4124 4073 3454 4536 2972 5008 5012 2871 4974 4632 3417 4044 4792 1717 3854 879 3394 4688 1667 3350 4261 4065 3456 4576 4127 4964 1204 3209 5009 3452 4063 4355 4441 3796 457 4077 2967 5013 3455 4948 4045 766 4653 3522 5010 3453 4989 2935 3660 825 3614 3274 2693 3449 1661 432 3458 4151 3806 11 4144 4859 4885 2688 4547 4312 3461 2981 1133 4647 5011 789 24 2237
3452 4688 5029 2225 4162 2135 4316 3498 2655 766 3614 789 173 3631 1748 4065 3454 3854 3352 1204 4725 4045 2658 3956 3615 3453 3748 4212 4099 4441 3402 3969 3447 1799 3350 3469 1166 4127 1922 2688 4973 3796 2935 24 663 4056 4859 3456 4044 2014 2504 1470 2565 4948 3449 1151 2485 3032 1133 2871 4073 3026 5028 3691 11 3666 3378 4587 737 1747 2972
3453 4045 4547 4046 3402 4474 3458 3796 2967 3766 766 3456 3394 1549 3032 4654 3542 3455 1813 4651 4587 2972 2237 4653 4595 4355 2651 3615 3447 3522 4485 3449 4441 4089 879 2688 3794 4065 1184 4652 2859 2964 4044 4073 2658 1133 3451 4219 1424 4618 4152 4142 1885 122 4448 4151 2565 3350 11
3454 988 2612 3028 457 3965 1247 4485 4433 4044 3985 1549 4152 4065 3787 3137 2565 306 3630 3274 4076 766 2535 3463 2859 2653 2356 4566 2504 68 4063 3456 1133 4547 11 2968 3591 2065 1537 4565 3800 3541 1286 3956 2651 4151 2688 3461 2237 3641 3258 2658 3026 3458 3453 3666 1166 4317 1813 3635 879 3394 4001 2144 3392 3568 4563 4531 3404 3144 3451 3449 4077 3350 4564 2932 4273 4040 2118 2585 3450 2129 3352 4073 3192 36 3402 2398 2972 3032 4567 3346 2297
3455 3454 3457 3447 3615 3461 2326 2967 4948 4045 2707 3394 3787 4885 4073 4653 3614 4044 4441 3032 4975 3843 4574 2565 1133 4814 5039 3522 766 4982 3787 3522 4355 291 1184 3402
3456 1823 3498 5512 2264 2516 3057 4468 4967 1498 5316 2774 2387 4709 3792 2323 5079 5543 1133 3982 1549 697 3191 1496 4073 1937 4364 3461 4813 2727 1166 986 4082 3458 371 1697 3090 825 127 5189 5382 2689 2968 24 2981 4036 1814 173 1661 4846 3614 962 4686 4718 3439 2871 3786 4138 3366 3522 4310 2595 3995 1063 2297 2504 4824 4488 4550 4099 710 5478 2256 3748 3593 5542 5151 2674 3902 1915 1097 3028 3447 311 5188 5324 3443 5184 5521 3386 5166 4442 3666 4353 4899 3321 766 996 3032 1922 2694 3027 5421 4191 3615 5123 3813 1471 4487 3002 2440 313 4076 879 2135 2688 5190 1470 3641 2144 4929 663 2972 36 1621 3459 3452 122 3728 2369 1286 3000 1374 789 457 634 4534 3910 1151 5405 4276 854 3026 2565 5029 2564 5462 2237 1972 5468 3787 3238 5313 4077 1253 1799 4486 2752 3634 4934 27 947 5320 3607 2065 2667 5172 3976 37 4219 4212 1267 5006 5008 2693 1835 2967 5176 3969 3631 20 2702 4151 4829 1200 4653 2811 5198 4626 3830 2410 3092 4574 5002 4647 3519 3394 2653 2775 3956 1542 967 3568 5544 3743 1462 3352 2696 4948 2535 3449 5020 1210 3073 3453 5181 3691 690 2381 2909 3479 3854
3458 3843 3086 24 1353 2565 4989 4070 3449 600 1835 4547 3728 737 4041 789 3032 122 4441 556 11 2065 3172 1204 3447 2967 1133 5006 3456 4688 2612 766 3480 3614 1470 2485 4036 1701 4338 3971 4056 2688
3459 6934 6377 4948 1814 6951 5932 6974 2565 5079 7052 2226 6510 2276 457 3456 6305 6523 5323 6479 4967 4764 4310 4653 1098 5022 6975 5543 3723 5238 311 2299 6270 4310 5099 4717 6488 5739 5932 6560 5079 2790 6538 545 7376 6494 6510 5999 7053 6615 2658 5176 7057 6971 1796 4483 4455 4824 5531 6784 68 1549 5179 6479 3642 5173 5177 3787 2688 1814 7055 166 5524 7352 6552 5822 4598 2369 6555 6976 7046 4717 6198 5871 6611 6316 5871 5526 6900 6714 3465 6323 5812 1982 5002 5691 6323 6865 4879 3456 5772 5775 2120 155 2686 4483 5773 2144 5620 5179 4221 5697 5102 1608 5439 5814 5188 6327 6272 405 6624 3601 2693 5273 4099 4099 5526 109 5796 109 4550 1335 6272 5524 7080 6316 5928 5839 7294 6900 457 6123 6790 6552 5189 6972 6620 2328
3460 1985 5255 4665 2565 4718 4448 4653 2387 1542 4632 4550 3666 3449 3455 4547 3453 3056 5020 4682 2699 3191 4071 766 4948 5352 3666 1133 2326 5079 742 1823 4681 3417 5267 582 4899 4967 3456 5184 5189 4276 87 3787 789 1166 4788 4662 4044 1847 5110 2688 5333 3568 2972 4829 5202 3614 5176 5286 4041 5353 3390 4077
3463 11 457 1542 2976 4229 2967 4257 1549
3464 3463 2257 66 2790 3459 2009 2565 3455 3458 3350 1985 1286 3461 3375 3451 2237 766 310 3457 3456 3448 742 1783 457 3447 3352 3449 3452 3454 2658 582 87 1133 3450 3402 3462 3453 3460 11 2660
3465 856
3473 2688 826 308 1549 3055 1166 2576 1697 988 2842 2693 1487 963 2297 2256 1305 3466 2646 68 3028 2560 2618 2651 1125 2968 2326 2790 3467 1470 87 825 1259 310 1098 1585 766 1571 2700 1291 3010 1319 1522 2257 1419 3379 3470 1247 2411 813 943 3345 704 1496 2542 3209 1151 3439 1734 1922 3468 3394 3304 2699 1767 501 172 1524 2791 3469 2660 2686 2565 24 2209 3471 2145 2485 3196 2703 1972 3144 1473 708 2859 759
3479 2972 3995 996 3787 4441 3568 6305 4632 769 5079 5812 1210 1048 2172 1166 5423 5179 4967 3449 3478 4483 5696 3447 2667 4813 2967 5022 2249 5816 5697 546 3642 5110 3453 2328 5808 457 5089 6360 6023 2688
3480 3148 2560 722 1382 1147 3084 3394 2545 383 2506 3481 1549 3026 3010 3622 1051 3458 988 180 2003 2699 3252 11 2328 3081 3262 3771 2713 2135 2653 2747 3028 1951 2700 2613 2109 1500 3780 3541 2290 3779 3527 3055 1697 2485 2674 306 1972 3144 2237 2774 3781 3678 3196 3564 2326 2258 2120 1166 2940 3691 836 769 2660 1767 2790 3404 3782 1305 2565 2688 2323 1522 2974 2932 122 36 1747 432 3783 1748 3766 2379 3731 1151 2831
3483 3855 2379 2688 1749 3256 3301 2699 3527 3678 457 2326 3010 3883 3175 3724 3785
3486 2651 2565
3489 1151 3487 2706 3148 3262 2947 1583 2940 1259 635 1549 3470 2326 3350 1972 310 3192 1419 3379 2565 3290 2485 3374 1384 826 2703 1487 36 988 2109 2209 2297 3209 3488 1496 2700 3055 3377 68 2256 3180 2510 172 1166 2842 3381 784 1098 113 2576 2605 766 2951 2688 122 813 2686 1691 2968 2651 2497 2411 996 2859 1127 3468 3404 2699 3046 1305 3402
3498 4598 2972 2456 4099 6007 6020 5053 2237 5630 5457 3985 1799 5391 896 5697 4144 1166 3642 2688 5171 4852 5582 1717 2384 4837 1470 4175 6175 5818 697 3456 5189 457 4041 4813 3449 6176 3586 766 789 3458 5110 4587 5072 2485 5172 6068 1542 6151 6043 5543 6075 3995 4967 3452 3854 3015 5787 4037 4534 4489 3297 5819 4632 6177 5855 68 5796 4781 1549 1151 1133 5524 6174 72 6097 5301 3521 5079 4045 5182 1808 2369
3506 157 2565 1259 3291 172 2326 826 2842 46 1305 2713 3477
3516 172 3081 2838 3275 3202 3284 3031 2693 1899 2559 2790 838 2485 2653 3394 1821 3350 3291 2290 2297 3514 766 2713 2707 2326 1305 3056 2703 3380 3252 2727 2565 2623 3180 3511 3168 1717 3225 1814 3053 2688 3439 2958 3513 2923 3032 3304 1972 3510 3379 1808 2365 2576 2819 3375 3374 3402 1749 3044 2371 2747 1419 879 2737 2398 3512 826 2510 2651 3020 3036 2657
3520 3120 3536 2326 2967 3625 2290 3032 1967 3010 1367 813 2252 2740 1608 122 2565 3056 2700
