6078 6077
6083 6081
6094 457 6068 5834 5189 5020 5022 2744 2552 6126 5809 6128 5177 5301
6096 2145 1542
6097 6032 6714 5822 311 3982 6934 737 5188 6976 5524 6270 319 1542 6518 6563 3976 5773 2565 2677 6615 4310 68 6486 5998 7064 5800 3381 103 457 6359 1098 5103 2972 6886 6327 5059 6241 7038 4065 4437 7052 3447 6620 2003 5439 6272 4632 6618 1549 3258 24 6619 4045 6299 6895 4967 5582 109
6098 6097 4899 5301 4073 1701 4045 766 1184 5787 5796 3456 4970 173 5624 5189 3479 5857 3498 1737 5171 4824 4441 68 6062 5612 3642 6068 5179 2547 2667 4828 3028 3641 5437 178 4063 1133 2613 4041 3449 3830 2186 5531 5940 6070 5079 1542 5524 6094 5543 5457 5262 1166 5945 4310 813 3854 4967 5178 3976 5819 3666
6101 6100
6105 5427 3641
6111 2440
6123 1549 6907 3813 5796 4310 7403 6486 5166 2452 5827 3457 7241 6241 7021 4488 6619 3958 6615 1879 109 3381 4764 1542 6280 7233 2504 737 6906 7131 1063 6097 6624 5543 5189 6774 6772 3641 1748 6243 4036 7057 4709 3600 39 3586 6560 4437 5998 7132 6618 3916 5472 5811 6316 5524 5002 6758 1098 6914 7061 7402 5301 5814 6270 2485 7063 7404 6032 663 6272 2328 5053 4099 5802 7400 4712 5800 2677 6714 766 7380 2565 5179 6563 7170 7405 5276 5839 7401
6124 2688 5002 5189 5123 766 2623 3641 5714 4037 3965 5787 3916 3642 3614 2667 5655 3478 5484 4045 5783 4967 5178 5608 4750 5862 2504 4310 5185 3027 2702 1133 2552 1151 3449 4632 5301 4792 813 5524 2585 5696 3459 5531 6094 4899 5960 5179 1814 5809 4781 2485 5691 2831 5543 3479 68 4041 1542 3522 6068 5796 1041 4099 6075 4221 6043 5079 457 2258 4824 5177
6148 4654 6141 5024 1783 3641 6144 5179 3854 5796 6145 3965 5691 3176 5301 4045 5624 5809 3340 3794 5836 6069 3522 5612 5543 3291 3642 2744 5022 3032 2485 2696 5805 4967 4036 686 6146 6126 6142 5829 5177 6043 2988 5531 4175 6147 6143 5189 2967 3535 2387
