1476 1380 1160 762 1201 42 180 789 1064 686 11 1278 742 998 601 1357 35 707 993 805 304 1029 634 21 171 306 1075 59 317 697 1306 813 1470 1466 176 1046 1128 1142 600 173 128 769 6 1133 1055 311 1167 310 308 1135 1468 143
1478 101 1129
1482 1952 826 1470 1700 1538 290 1055 317 1428 1816 1352 1034 1615 311 1885 1319 1350 319 1794 2001 1166 1247 1039 1549 1489 1962 1555 1496 376 986 1919 313 1395 1424 1733 1547 255 1553 1585 1167 24 993 1202 941 173 948 2000 1381 1808 1032 1985 1386 1977 1127 1991 178 1997 1151 1583 457 1717 1552 546 215 1980 978 1608 1236 1201 1594 1357 813 1571 1495 1521 1622 11 922
1484 166 311 986 600 6 1034 646 35 639 1241 59 1424 1246 826 161 1297 871 851 228 1439 1463 457 290 1247 1022 145 308 1481 1377 11 1483 1293 1133 1470 1306 1279 978 1055 1248 1236 1480 761 941 1482 1150 921 87 1167 707 922 1278 171
1485 1279 249 371 6 1299 145 784
1486 1293
1487 1623 255 1732 870 310 1619 215 904 1352 1496 1615 171 1525 1549 1489 457 1492 1006 1483 371 1473 691 1521 1167 11 1201 826 1594 1538 1765 1442 6 1555 311 1151 1380 1470 1622 1319 1350 157
1489 1352 1608 1055 998 1525 1167 1428 1279 1129 1592 1643 1471 1207 1202 312 664 6 1644 173 1555 11 1642 1599 1641 706 1201 1386 872 1549 1594 993 1487 1350 941 1538 707 1492 36 1127 1281 686 1506 1236
1490 707 317 311 1233 1350 1377 173 457 1489 1278 933 1279 306 1483 1471 6 1135 11 1447 871 113 922 1133 904 826 920 1305
1492 215 1470 1210 588 1480 2357 1549 2241 1319 1783 993 2225 1547 1608 1621 2072 1985 2413 2328 110 2133 1555 2410 2156 764 1135 1583 2231 2118 1098 312 1031 2272 311 1167 2255 1537 1691 1062 1236 766 2411 2240 1542 1732 2371 1151 1023 11 1992 813 1585 1772 2323 1202 1221 941 2120 2102 1395 1380 2233 988 1997 407 2287 1124 1538 826 2412 1521 2274 2286 1215 859 1820 2193 1918 1835 1125 1808 1756 1622 1350 2306 2062 1980 1166 1496 457 306 2001
1493 2369 1762 6563 6299 5022 2988 1356 6305 1800 1055 425 5140 3056
1496 1267 1151 710 1538 766 1470 1236 317 1772 1006 1428 1622 1135 1386 1190 1055 1767 1483 707 173 978 826 311 1555 1377 1700 904 861 1279 1615 1766 1613 407 128 1211 1549 1357 1482 1278 11 1319 712 663 1167 1501 1201 215 922 1242 805 1394 993 282 457 14 1610 941 1127 1350 813 1184 1352 1594 971 1521 1442 1492 1762 1741 706 1719 1754 1564
1497 1322 1510 1549 1500 457 311 981 556 695 1462 1358 1499 727 922 226 707 194 1290 1550 1483 6 71 1129 1357 1548 313 24 42 1291 1167 1547 1201 1184 293 1551 789 11 227 600 1352
1498 6006 7768 1823 7882 6596 6924 4483 5796 6072 6758 99 3985 7650 7045 4795 5802 68 4200 4632 7675 7086 1896 2658 1167 3457 5524 5276 7578 7774 5800 3040 4488 6460 5189 6665 7057 7047 7902 2565 663 4948 4681 3456 6907 1305 6550 5103 6624 3073 6951 7055
1501 310 1395 11 1135 1487 173 1615 1000 1687 171 706 1686 993 922 971 704 1471 1501 282 1167 1253 1549 24 805 795 1470 20 1496 6 306
1506 707 1029 36 993 730 1492 339 1504 1032 1350 805 1291 6 308 1502 820 922 11 173 1006 143 789 791 871 317 1082 395 1503 1279 1505 826 306 1374
1507 1293 826 11 457 1483 6 1279 1127 45 139
1513 1164 36 399 335 1510 697 11 1504 20 904 113 871 1357 71 1279 78 826 308 1380 45 664 1029 784 17
1514 6 1267 1538 1129 1357 1055 311 304 6 1306 1621 1041 922 173 710 1441 704 781 1549 1622 1482 1756 1395 1098 870 971 941 1201 1381 1377 766 1537 1822 1230 686 310 1571 1167 1821 1808 1483 1608 1352 1759 784 1129 1820 1350 1555 805 1297 928 1471 1137 319 1525 11 1428 1037 1733 1495 600 1202 1501 1210 1236 86 290 1006 1614 1241 1480 1522 707 215 1521 1009 1496 922 1553 634 993 1261 978 1594 1247 1489 1211 810 1772 1628 457
1518 970 6 310 871 317 1236 173 943 306 1492 1006 826 1510 1439 686 1380 71 11 36 1377 1193 1357 1386 1221 1279 1290 376 707
1520 1489 317 706 1605 826 1279 1525 993 1608 1492 1032 312 1656 763 922 1236 199 1585 1487 870 1428 173 310 457 1350 1506 176 1615 1613 1037 1655 11
1521 1137 1820 2072 1151 996 2357 311 1991 1335 2472 2647 2365 1236 600 2727 2593 1522 11 1922 404 1808 1098 1772 2133 1374 1097 1919 1748 1496 109 1319 813 1549 826 2169 1734 941 1062 1582 1621 707 2473 1700 2328 1608 1267 2728 403 1428 1166 856 1644 2672 695 1419 215 1211 60 2085 2256 2272 841
1524 1029 1506 636 1523 644 173 457 11 128 1221 795 1137 1510 686 871 36 306 1006 432 171 317 1279 6
1525 784 789 1248 1420 663 1357 6 1487 1483 1441 9 1127 308 182 1185 813 1626 1614 1000 707 311 1236 918 11 712 710 1442 1202 173 1128 1605 1608 86 1392 1075 971 1386 1299 1625 1492 922 339 836
1531 457 1293 1528 1279 1510 1202 1319 11 176 1352 432 1055 6 826 173 1497 811
1532 11
1533 1533
1534 407 1756 1006 935 643 1284 784 1885 1594 311 1487 457 1374 304 1428 1210 1350 686 826 1068 11 1137 1480 813 948 1894 1895 1352 1386 759 1522 1062 1615 1896 1552 1215 1608 1492 173 722 1395 993 1767 1538 1549 1135 1267
1537 1492 306 993 722 1151 1075 1046 457 1483 1574 634 1575 319 707 173 1319 826 176 1129
1538 1350 311 109 1236 1534 941 255 1029 306 1536 1535 871 1234 457 23 310 1279 6 971 1221 943 1357 308 1537 1319 313 1278 993 1510 826 1497 1380 766 1129 317 72 1395 11 707 1489 1442 1466 854 1055 1492 663 686 24 1439 1167 36 922 1367 128 1500 1483 1184 1006
1542 173 2282 46 2283 1099 1783 1830 1997 1098 1919 813 1628 24 2062 556 805 1583 1831 2251 1918 1095 1151 1368 1111 707 11 1293 1925 2072 1608 432 1931 996 1705 993 904 180 1837
1547 1585 546 173 2233 1380 1202 457 869 2099 588 1499 1210 996 2255 1482 24 1035 2133 1997 647 2322 2072 1395 2357 993 1006 2118 11 813 2328 1919 904 1166 1756 311 1350 1549 859 1151
1548 3890 1935 1075 1937 4632 4765 5501 3026 697 2595 42 5468 29 2612 1353 3190 24 3806 5540 4276 2033 1111 600 2188 3462 4150 3642
1549 2485 2258 5796 457 2981 1701 122 1151 2326 4967 3641 1769 2535 311 1972 879 2565 6359 1701 2485 6912 5816 2542 3830 600 2328 1813 5020 56 1972 2065 3447 2120 3965 2502 136 6951 5022 1151 1037 71 3728 1990 3005 3402 1583 2651 2237 2790 5582 1594 3256 3705 2156 171 2713 1279 3992 2472 6 2398 2565 1097 87 3961 2264 2619 2618 2719 1133 2677 986 11 2900 5543 1547 2256 2688 5862 3615 825 3148 1241 1772 2237 2697 4099 3456 311 172 2065 3454 789 993 3027 1166 4662 1291 1537 1151 2707 1985 4072 3562 1098 2972 2541 5612 6272 2102 4151 2872 2256 1583 2819 2618 3055 3260 1547 5532 1614 2565 1203 3459 1024 3991 6615 4486 2932 1487 2546 1166 1733 5692 1462 6523 5814 1795 2240 2290 1137 813 1922 1896 2688 2328 2653 2485 2967 1279 6620 2299 784 5179 3631 784 986 1808 6032 986 1808 825 3466 24 988 1885 1319 2323 5697 3519 2746 2585 1922 854 854 2145 3005 3274 2842 1279 2833 3276 6494 5189 311 2904 1537 5445 1985 1210 1166 4550 5714 1358 1730 5531 1542 3445 2550 3633 3764 1210 2746 1803 3094 5166 988 11 3394 5524 5002 3719 3787 922 795 5188 6790 3392 6609 3010 6305 3956 1098 325 879 36 2688 4828 2651 3453 1896 2790 1031 2252
1550 1492 77 766 2057 49 1756 1497 173 1615 922 11 1919 1596 1962 796 2056 1151 1772 2058 1395
1555 36 1496 1470 1538 1242 1386 922 11 457 1700 1395 1442 1549 1055 1428 1202 600 1594 6 1335 1615 317 1564 1697 1762 971 1236 1489 1279 1623 870 1006 1610 1350 1133 941 712 1492 1483 1352 1135 1772 1151 993
1556 312 11 1497 1554 317 1032 1305 826 157 1129 1424 1510 173 128 306 6 171 1352 885 457 993 1319 722 1471 707 1006 1555 1506
1557 1129
