1074 5819 5022
1075 1055 556 259 111 317 1078 715 35 11 759 600 173 1113 918 197 707 1006 1279 1365 24 36 42 1259 1111 20 66 1366 203 143 1353
1080 339 560 231 911 865 320 1098 1096 759 1093 1095 145 1097 14 1101 1094 769 1100 29 1102 1099 499
1092 8 865 8
1097 813 1997 1521 1885 2233 1820 2093 2367 1335 2206 311 993 2118 704 1811 1496 11 1549 1922 2133 1808 2368 1247 1135 2241 164 1608 1583 2328 1142 1547 2072 2052 1891 1151 1500 1749 2366 1166 1767 805 1555 1585 1566
1100 3614 2700 2565 180 2326 2747 2713 2290
1103 319 1492 1538 11 1000 1783 104 1102 1785 1210 1137 1441 993 173 1236 1772 1098 1756 805 310 933 1549 1496 432 1784 904 1489 1608 1525 1095 215 554 600 9 1522 1615 922 1428 1352 1501 457 1542 1751 1319 1099 1374 1350 1638 1480 1267 1594 1151
1111 310 1925 1808 24 2172 706 667 1352 1521 1608 2085 1353 2062 1202 2188 1977 1542 922 2191 993 1549 11 44 1876 1621 2189 2186 2190 1395 1333 1583 831 1151 1473 1800 600 259 1075 197 1428 1419 407 1997 47 2065 1772 457 36 74 173 203 2187 1855 572 769 1210 556
1114 311 157 784 978 708 1029 766
1123 911 695 24 956 710 896 706 49 315 304 1028 663 74 263 762 72 255 795 23 912 1050 707 209 154 937 981 311 36 42 280 1051 647 759 14 317 820 173 556 789 643 1120 157 310 201 176 769 87
1124 11 1670 1352 1350 173 842 1594 1615 90 1729 1662 838 1538 1428 215 1487 1608 826
1125 896 310 844 1062 978 993 59 960 766 1009 312 644 1145 311 1068 24 696 663 946 982 805 704 36 317 697 138 6 151 1144
1127 1235 315 36 1305 854 173 710 705 1386 1210 1357 11 722 769 1278 579 1416 376 1335 1127 161 1319 182 1380 42 1374 1075 941 35 308 312 937
1128 151 686 312 348 311 317 11 1127 310 663 697 708 182 90
1131 304 90 72 265 730 1022 1029 1130 36 1066 87 971 823 911 176 66 308 707 788 635 59 290 769 954 310 956 182 161 1129 25 914 29 86 926
1137 1608 1908 147 1210 769 1549 11 1772 1151 1615 1837 1838 822 2072 1428 1221 813 1757 922 1042 173 1997
1140 1380 2210 2964 2326 2660 2242 1075 1114
1141 1034 708 710 215 151 1006 926 306 312 697 407 626
1144 865 33 11 650 970 885 1037 982 312 556 1114 769 805 686 842 6 1006
