3284 3796 4948 2565 4070 2651 2967 1133 3794 3455 5043 766 4673 2688 4974 4233 3453 4725 4354 3392 813 2237 4219 988 5077 11 2871 5039 5081 4073 4045 3614 663 2699 2623 4899 1596 1795 3024 4964 710 5079 737 3449 3666 4748 763 5078 1210 5080 2689 4947 2596 4221 1922 4295 4536 2707
3291 4828 5591 72 1606 3724 2145 3519 3258 6320 5812 6217 1542 2700 3806 6305 5934 4042 3521 1623 4248 6483 5998 3969 2411 5185 3032 6323 3985 5696 3447 5802 5796 3642 4099 3453 2660 2958 3586 3456 6241 2688 109 5532 3390 3787 1166 1606 457 1166 11 3292 3439 3522 4045 1074 2747 2923 2958 4673 3614 2493 4136 766 5582 4967 1814 2972 2842 2328 4076 5188 4123 6270 3645 306 4960 5079 6169 3032 3912 4363 2249 2237 2065 4128 3660 3615 2660 789 2967 784 2932 1207 5140 2365 2256 4136 2713 5810 5524 4653 4310 457 2326 3276 5817 4483 2257 3394 3973 5531 1639 5816 6460 2691 5022 4127 2379 5822 2940 1215 3168 3394 5612
3293 4717 5927 6596 766 5524 2481 7774 8061 8060 6510 7862 6657 580 2968 7902 7321 2264 4036 4422 7517 5614 7086 988 5102 7865 4764 2565 6624 7594 5814 3142 6618 4666 6907 5624 3586 7394 7280 99 1542 6072 7564 5553 5015 1374 5802 7047
3297 6918 6900 3965 7053 1098 7057 136 6221 6914 7047 2565 7080 5775 2658 3498 6510 7682 1374 3032 6618 5079 7086 1762 6072 5612 5800 1522
3301 1012
3307 1749 172 1972 2686 1811 2565 826 3301 2618 1487 2706 2229 3300 2507 3298 1985 2687 2411 1521 2940 3296 3302 1732 2559 2171 1062 2692 1783 856 3258 2703 3000 1922 2787 2646 2688 3299 988 2576 2237 3199 2700 3024 3297 3304 2713 986 2326 784 2368 635 1608 3280 3095 1492 68 1305 2297 788 3010 2719 2790 1166 1319 766 2875 3303 2964 3305 1549
3309 1151 4142 3449 1896 766 4324 1097 3168 2565 122 996 4437 4065 2774 3614 3639 1184 1691 2651 11 1133 2485 4045 2688 3787 4649 4364 1185 695 1286 2871 2237 4089 805 3034 90 2964 1416 4441 4219 445 3145 2967 2737 3453
3310 7614 7225 1374 7490 5802 7231 6993 6443 1542 86 633 6043 4739 7744 2560 432 7280 7579 6305 766 1151 6615 7352 4441 6907 7726 6596 1098 5915 6624 7766 7049 5800 2565 109 1748 7092 5524
3313 2326 3631
3319 2687 2171 2565
3320 2566 2236 2230 2565 2145
3321 4363 2964 4660 2859 3787 4211 4661 2325 3871 2234 1813 2258 4448 3796 2972 4437 3479 879 511 2135 2186 3208 3034 4001 2565 3378 3447 3461 3830 2688 2440 4151 3965 2257 3463 1980 3454 2594 4040 3417 3452 1133 3568 4659 1542 766 2651 2485 2981 3455 3449 3643 3456 3433 2285 4044 4655 2935 2967 457 3490 1717 2932 4076 4045 3902 2237 3835 2655 3872 1011 2309 3402 4219 3390 447 3451 2384 582 3350 1075 4663 11 122 4662 825 4433 3453
3324 2565 2790 3120 2692 2497
3334 3366 4881 5037 4884 3375 2565 3394 36 6443 2967 1542 2237 11 7046 3835 879 4377 4885 5189 5871 1644 4688 2565 6299 4044 6218 766 4261 4855 5908 4705 2658 7409 3586 742 3449 6619 3976 7425 1133 7402 5816 3454 2369 5796 4662 6123 6975 3168 546 3591 789 3641 3642 4598 3453 4717 4076 4072 3786 5802 1767 742 4882 6902 2440 4099 6702 3084 5524 3375 4282 2258 4681 5273 3455 6714 4712 4219 1537 2215 2276 109 4883 2688 4455 6596 3379 319 71 4756 4077 4818 4191 6934 4186 3463 4564 6552 1215 6900 5697 3479 3787 5714 3447 7424 5032 5605 5655 237 3291 2790 3601 4297 15 4536 5773 3350 2839 4040 457 7378 5543 4725 6460 3624 6323 3522 4150 2651 7294 2694 2972 3402 5999 5811 4574
3338 2297 1166 3300 1204 2701 1169 1305 2565 988 1374 1608 2703 3276 2171 2692 1487 2688 2696 1751 172 2411 3144 3020 784 2686 3010 2237 1922 1492 2968 1691 1767 3006 1717 1151 2145 1972 1043 826 643 2135 2416 788 1319 2326
3346 5524 4068 3168 3787 4828 3724 1196 2842 2249 5173 5620 6620 2565 6906 6714 1470 4074 3032 4065 3642 3381 1356 4046 6510 6360 2967 4364 2326 6907 2651 1522 5079 7092
3348 2249 2541 2699 3359 2326 3358 2338 2704 1487 2687 2269 3356 3357 2565 988 1367 3355 2416
3351 784 2842 3300 1583 3258 2093 2368 3028 2118 1098 2875 24 3031 2174 2686 2964 3349 2688 2967 2229 2565 3006 2707 2702 1210 127 2940 1549 2299 826 3348 1608 988 2186 3291 1374 2713 3290 2703 3350 2507 3144 2719 1043 3010 3297 2485 1062 2326 3024 3209 1031 68 1305 1221 1487 2651 766 2665 425 2585 2693 2171 1922
3352 4152 988 1769 457 371 3568 3028 66 742 3527 2547 2660 1113 3662 1286 4598 3663 3026 2118 4224 291 2651 3433 3366 2368 2691 1808 4761 2958 310 122 3028 2699 3479 813 3812 3519 3144 4044 2747 2485 1951 3274 3634 4072 2544 3969 1550 53 2289 2381 789 2790 3662 3190 4534 2859 4355 3350 763 4760 766 2906 1151 2871 2693 1935 3664 2326 2595 1062 1972 2658 68 4751 1133 3631 3145 1166 3457 4564 2706 4151 695 4688 1342 4219 4623 3660 4488 3787 2775 3854 203 3144 203 1769 3641 749 4040 2009 3615 2967 2699 4077 4766 2700 3917 4531 3659 2135 3001 3252 3660 4742 3454 3641 3965 3982 3635 3666 4119 1717 2297 1127 127 1111 4276 2859 4046 2186 3806 1795 3010 3010 3453 3976 4104 3647 3110 3498 3447 2485 2947 521 2328 3404 2298 1097 844 3084 2010 2033 2356 310 1549 1608 1075 3666 4586 3667 2041 3026 2398 784 2297 66 3378 4764 36 2595 3796 3910 3622 825 11 2655 4036 1132 2909 3607 306 4266 3607 3658 4124 3449 1596 556 825 3728 2688 122 3057 3258 842 3168 90 3661 3665 2713 1032 3519 3456 4150 3290 3635 2237 432 2264 4066 3463 3615 1922 4483 4045 2696 3691 2440 4765 1184 3402 4588 2226 879 42 993 3291 3032 2871 2565 3591 2958 1733 2688 3406 1549 4142 11 3110 4763 879 2328 1808 2257 3404 1922 2660 2654 325 2256 1691 24 71 3902 1166 2440 4486 1247 1374 1353 1075 3462 432 3472 2651 1980 1767 3614 2565 4762 2972 600 3813 1305
