2053 2904 2654 1050 1184 795 1202 2778 784 2647 1166 2866 2557 1820 826 1717 2371 650 2576 2768 838 1922 2565 2328 2903 1200
2055 1352 1919 801 249 11 2054
2060 1838 1919 1608 865 1837 1489 2059 1352 1928 11 1428 784
2062 1350 1210 1749 1143 1997 1594 1211 1972 2099 2072 1151 1766 1717 1693 2193 2378 172 769 1521 1111 1977 173 2379 1507 1549 1919 1820 1985 1380 1848 11 66 1783 1982 1506 996 993 1395 1279 1489 784 2328 1127 2133 1098 311 1869 2380 588 1918 1124 647 59 873
2066 928 1847 1772 1428 2746 1097 4013 2958 635 3645 2967 2256 1608 2328 1661 2323 3479 1482 3541 1700 1395 2326 24 3714 1352 4191 1555 1200 1537 996 1754 3804 14 3352 1585 762 1767 1838 2054 766 1547 2064 4074 3568 2109 1489 127 2564 3615 2117 2560 1248 291 3872 1006 2659 727 2376 1125 3256 3767 1615 3956 2535 1700 3392 1215 3394 1838 1380 4068 3005 136 1783 1166 1919 993 1151 704 2594 11 1184 3630 3659 2660 2542 1285 1522 2065 1428 47 417 663 1808 805 432 3150 852 1201 3088 36 1319 2240 1571 922 1549 166 3729 813 2071 3032 1549 3073 1899 1233 3977 14 2653 15 947 3081 2651 3562 2064 2375 2258 122 4042 4190 1521 224 1538 826 1210 255 1462 2474 306 2174 1816 2062 1990 2618 2297 946 2713 1717 1521 2707 1037 2145 626 1997 1896 1098 4076 2160 788 4144 2065 1236 3386 2504 1133 3147 325 1230 2585 1165 988 3720 3024 1492 695 1608 708 1374 4192 2697 1202 173 1537 1111 2811 2964 2871 1835 1496 59 3798 44 2900 1918 3521 1151 4128 1241 1585 2565 4123 193 412 600 11 1847 2760 3189 1355 4127 308 310 1734 3728
2071 937 993 457 1062 1098 2118 280 1621 1549 766 2001 1868 1803 2159 2227 1386 1571 1542 764 1614 837 1783 2251 1378 1997 1253 634 813 1705 975 1353 2156 173 2236 1700 1566 1608 546 1794 2225 1151 1639 943 1374 2062 2250 11 2249 1838 2120 2240 1395 1756 1919 1496 36 1137 1772 996 311
2072 2297 1608 2912 1098 1749 1549 3101 1697
2073 1210 1352 1111 11 872 1151 2062 1466 635 1583 407 1693 1980 1792 1487 1319 813 1042 1496 2070 546 1997 634 1428 993 1838 1700 1615 1424 1592 1756 1566 1837 961 1380 1552 1608 2072 178 1137 173 1919 1135 1006 1822 2071 1492 1441 1549
2076 2069 2672 1837 2663 1210 1700 2256 826 1977 2680 946 2328 1608 1135 2133 813 1707 1164 1585 1166 1549 2085 2472 826 11 1395 784 559 1335 1127 766
2079 1608 1585 1284 11 1378 47 1722 432 1639 1965 1210 270 1838 306 935 634 173 2062 1615 1286 1285 813 1997 2063 1566 311 1098 1966 1403 310
2085 1997 1549 1210 1386 2197 1868 1006 11 1738 2196 2199 1919 1395 2099 21 831 1428 173 2184 2198 1062 1267 2084 1111 1151 2062 2088 2092
2091 1549 1169 47 1919 784 1644 2062 1837 2088 1608 173 2072 2237 2092 1210 2099 996 11 1868 1336 1668 854 1585 831 2084 2198 1428 2238 1639 2085 62 432 1151 457
2092 2099 2084
2095 742 1615 1962 1319 2085 1792 2062 2090 2087 173 2086 2092 1151 71 2010 996 2088 2093 1639 2084 1210 1428 2014 854 1997 2089 2091 831 1374 1098 784 11 1838 1772
2097 1210 1615 173 2072 763 1838 742 1594 1549 1997 1319 1441 993 310 1236 11 1473 1767 1267 306 1395 1991 1151 2062 1608 722 231 407 1644 784 1086 988 1006 1221
2101 1132 1608 2099 1441
2102 2174 1549 1097 2546 993 1684 68 122 1848 1888 2473 2256 2542 2472 2617 2566 2224 1135 2133 1661 1200 311 1875 766 1891 2240 1305 996 1820 2510 1166 2557 2488 825 1291 315 2593 1769 1098 2072 1473 663 2507 1374 1991 1885 2565 2757 704 2815 2746 941 2576 2555 237 2788 1705 2740 1357
2106 310 1492 1151 1098 1997 2103 1055 311 1772 1319 2102 1962 1211 993 922 1291 2072 1757 1352 704 1428 313 173 1111 1838 784 826 600 1167 941 1395 956 805 1808 71
2109 1592 311 1997 1896 1374 2108 1210 1838 1051 1608 2062 1166 1042 1615 1416 1803 1730 1098 1395 11 36 173
2112 1833
2114 1151 2323 2658 3835 3541 306 1305 11 3525 3352 3338 3678 3836 2411 3834 53 3569 2062 2237 2774 3682 2660 71 3297 2674 2822 2485 3458 2116 2790 2379 937 3200 2565 3556 2688 1706 3084 1585 2613 766 1552 3055 3527 1767 2560 1044 2326 1549 1496 2872 2700 1885 988 3633 3837 1972 1428 2118 2356 3457 180 1811 3056 2967 1781 3000 3815 1167 3301 2290 1395 3404 2940 946 994 2116
2116 2565 3062 2485 2474 2654 1608 826 2332 3098 2234 1549 2229 2790 1200 2686 988 1922 1374 1496 2660 2690 3020 1305 2550 2472 3095 996 2507 1552 2703 2871 2473 766 1151 2674 2236 1707 2699 2688 3257 697
2117 1555 1151 1210 2116 2596 2072 2517 2328 2241 2435 1098 722 1350 1374 1230 2272 1700 854 2233 1319 66 1124 1169 2599 2507 2497 432 1918 2371 1608 2592 1985 1769 2231 21 2593 986 1951 600 704 1395 36 2169 710 2230 2597 2256 2085 319 2598 1549 764 978 2594 1772 11 310 1992 2473 1754 1547 2548 1585 1922 2093 2274 457 2510 2474 1808 1566 993 24 1997 650 691 1691 988 1583 1670 2229 2381 795 1496 766 2063 1380 2225 1215 2052 1142 553 2120 2578 1820 2133 14 2297 1596 1521 2135 1166 2595 1062 2240
2119 33 1837 1919 11 2062 24 2093 1319 1352 1166 2117 993 1608 1380 1997 2118 1615 1151 704 173 74 1428
2120 2565 2790 315 941 1596 988 36 1374 1820 2557 2740 2488 457 412 1991 2375 2473 708 766 2299 2605 2230 2328 978 1549 2169 1521 1062 1200 2768 2272 2594 2555 2559 2542 2792 2478 2485 1184 2830 1608 1538 2585 1210 310 1701 1395 407 311 1151 764 2472 1769 1670 2416 1496 1919 2775 1000 2411 1700 1879 996 2646 2497 1705 1621 899 2618 710 2133 1808 993 2620 1992 2257 826 2510 1166 2517 1305 2145 2240 722 1098 1236 122 1772 2135 2474 1783 2174 2209 2256 2507
2121 1374
2128 961 689 1062 2062 2225 1124 769 1243 1823 2118 173 1734 1549 1868 826 1608 1319 1951 996 946 546 2159 311 1006 2227 2085 1137 2072 1628 42 1151 1985 457 2226 1098 310 1492 2120 1166 1621 1888 650 1820 813 1700 1997 1992 993 1480 1210 1838 86 1211 1167 1521 1032 1772 1135 11 1980 407 2224 1717
2129 4124 2967 3457 4065 2326 3168 3787 2658 2411 3394 1542 3794 4074
