2871 1608 1127 4438 4219 4428 4434 3456 2605 4415 2145 290 4430 3450 4448 3453 4315 4439 3457 2542 3639 163 4073 3326 582 600 3026 3028 2576 4436 3787 1286 1931 3920 3449 3854 2557 3812 3192 4111 3144 4074 2699 2506 3806 3451 3615 4437 2851 4127 974 2935 2688 4379 432 3519 3916 813 1166 1688 4045 3748 1247 3455 2691 634 2398 1813 24 1691 457 1549 3463 3090 3034 2653 4446 1285 2859 1984 1133 3752 2297 47 4044 1542 4427 4435 4443 3571 1730 2115 2565 4432 4065 4426 1151 879 2485 4447 3454 3462 2384 2326 1500 4445 2660 2111 4429 68 4151 103 4441 3352 4444 4440 1473 2065 11 2953 4222 4056 3258 3666 3624 3568 173 313 3749 766 2972 825 763 3388 4152 986 4442 4377 2651 4040 3458 3796 311 2775 2967 553 3439 3447 4363 1496 36 4431 1707 2258 3350 1537 4433 2237 3976 3452
2877 1200 2557 2172 1293 2371 2830 2876 2931 1566 1042 2133 2928 1042 2612 1184 2866 1690 2272 2929 1749 1305 2565 2925 795 1184 865 2133 2866 457 2863 784 2062 2272 1692 1717 2778 2930 2565 1293 1717 2576 2328 2840 1741 2791 2830 1211 68 2612 2371 2875 841 2768 425 2472 2549 1566 2038
2880 2778 2133 2881 2884 2113 2557 1381 2871 1585 1848 1200 2879 2371 2576 2882 2833 826 2883 1390 2565 2862 2863 650
2900 2485 2967 2859 3762 457 3032 2747 1549 3568 2236 2651 2790 2290 2747 2686 3827 2546 2660 2790 2612 3032 2326 2326 4124 2686 2135 2476 2688 3031 11 3973 122 3291 2565 2565 2326 2118 2565 3624 3660 3394 1583 2654 3142 2822 2613 1319 2379 784 2697 3641 3024 3541
2902 2647 2565 1055 2863
2909 4829 3787 5207 5079 4070 3624 3658 4712 2384 4981 3417 4442 3449 5190 3614 4276 4632 4448 2118 3641 789 5321 5322 2237 1691 2688 5110 5189 2014 5123 2369 2972 5155 1542 3812 1374 4310 1972 1133 5233 3728 2485 325 2696 4653 2299 6 3404 766 4967 1767 2565 4948 4718 2387 4441 2135 1032 5320 2653 4899
2912 1506 1492 3033 1200 704 1374 2507 982 2576 2560 766 1734 3034 1487 2474 2688 3035 988 1749 2686 1006 2790 826 2871 2332 2700 2967 2713 1795 2145 2707 2135 128 2831 1305 2547 1661 2236 346 3031 2488 2516 1799 2691 3032 2674 3020 2940 2660 1166 1032 2696 2703 2612 2565
2914 5022 5696 2667 5591
2917 4662 4063 27 3449 4950 3454 1604 825 4951 4255 3641 4377
2918 2557 2913 2744 2557 2326 2576 311 2651 311 2476 1200 2872 2921 1200 2576 2744 2686 2872 2913 2565 2921 2565 2565 2476
2922 1980 1322 103 1705 2918 2145 2186 1769 1594 766 1184 403 2093 1808 2565 59 2605 2768 2133 1691 1211 826 587 2472 346 1991 2371 1183 2473 24 1306 2900 1549 1922 2557 2792 1135 1221 644 2913 2840 1374 1200 2256 2474 2740
2923 2379 2838 3024 3394 3196 2290 3525 3604 988 2485 2700 2062 11 2356 3840 3775 2326 3375 3660 3541 3633 2548 3560 2688 2747 922 3589 3291 2549 3630 2799 2923 2565 3046 346 3839 3661 1211 3762 2746 3032
2925 6068 5427 5524 3449 319 5099 4828 5179 5582 4099 3459 1111 5177 5543 4045 5437 3641 5787 4310 2667 5531 5189 4063 2688 5796 4894 1133 766 813 4632 4824 87 3642 4967 5178
2926 2565 2862 2925 2541 2576
2928 2928 1374
2932 4136 3451 2506 3568 3026 766 3394 2326 2328 2972 4252 4250 4251 4128 3635 3439 2565 3658 2964 4076 2379 3454 457 2871 3352 3973 3615 2237 122 4249 2832 4138 2688 2940 2356 2693 3724 4042 2549 1885 813 432 3417 2298 3479 1428 1133 1549 2967 306 4065 11 1767 3666 2713 1062 3107 2700
2940 5796 5301 7350 3381 7391 4211 742 2565 1542 6934 6615 7052 5802 5822 5531 5233 5814 4632 6714 5002 2564 1151 2658 3521 2504 6619 1166 5543 766 4879 7383 825 3969 6719 7390 4899 3586 6004 1661 5068 6946 722 7392 311 6494 6548 6280 6486 5807 1228 1098 5423 737 5053 7321 5199 5524 7389 2485 6906 6624
2946 1705 2778 2069 2274 2944 2472 2925 2565 826 1132 1566 59 1919 2945
2951 1204 988 1166 1749 766 982 1751 3098 425 1305 1042 3062 749 3020 2225 1169 2842 1922 2703 2686 2236 2240 2688 1608 2964 1501 172 3267 2565 2474 1200 856 2660 2790 650 996 2365 784 2692
