6976 5802 5524 3381 4632 2707 7293 6359 4967 4437 2697 5800 2658 766 7188 6518 6714 5079 2565 6906 4824 6272 5949 4943 1098 6323 3634 6486 7100 5773 6560 2249 5188 5582 7295 3586 5796 7104 6327 5173 6993 5401 6907 7241 2485 6241 6772 7099 5655 3965 6619 5817 5246 737 395 6911 6523 3571 6620 6941 6615
6979 5529 2565 3787 6563 2658 1823 109 5524 6552 6299 7047 7294 5697 6781 5200 1098 6993 7057 7818 7931 4310 143 3447 3775 7080 3586 5002 5812 6325 4632 7682 5802 6272 7026 4483 6949 6494 6951 896 5173 5800 7052 6270 896 5179 2565 4717 6907 6772 5814 7744 6914 5022 6198 5177 5529 4550 4483 1823 5812 6615 6272 5189 4795 6305 737 5002 6323 5524 2677 406 5342 5800 6327 6323 5802 7733
6980 7057 5002 988 7697 7080 5053 1204 6615 2560 5524 4795 2120 4441 6560 5658 6020 2565 7049 1374 6993 5796 6875 4943 2059 7405 6624 5819 5800 5871 7092 7045 6772 7378 2576 5802 7740 5102 4335 5814 2851 7047 1098 4310 7183 5201 7056 7055 2619 6596 766 6518 5106 7666 4040 109 6032 7352 7741 7231 7742 3084 6916 7701 7743 6951
6982 6620 5800 6563
6993 5246 155 6774 6460 6596 7294 7391 5524 7056 6421 7490 2565 6961
6994 6360 6618 6327 2623 6563 6907 5811 6270 7217 4828 1982 173
6997 6996
7005 7055 6855 1428 7752 2452 7743 1151 7754 7544 7753 7057 7231 1674 5915 7578 5103 1374 109 7733 7756 6774 7049 7766 7280 6951 2658 4534 5796 6907 4632 7092 5524 7791 1496 6596 4948 2565 5802 4040 2552 7052 766 6993 110 6624 7150 4441
7012 4781 2658 2565 5524 7875 5342 1098 7792 1542 5802 766 737 3447 7919 4483 7052 7279 4310 7916 5814 2001 7910 7055 3586 6993 7769 6624 4795 6914 2940 127 1151 7944 6772 5915 1799 6907 4666 4441 6596 7666 4829 5199
7021 7132 4310 4483 7511 4632 5189 5773 6772 7012 5200 6774 7792 7744 6484 7449 5273 7026 5316 5796 7882 2565 5201 4347 5342 3447 7150 7769 6993 7679 7386 6918 7937 4788 7019 6460 7634 7942 319 7733 4981 7014 7280 6414 109 457 6736 1374 5524 6241 7768 5445 6907 1621 2658 2299 4967 2619 6865 7055 6596 1063 6518 7386 7131 5166 7938 5814 6951 7047 5804 7939 3297 4488 1098 3381 1542 4441 4335 7086 7940 766 7052 7675 6692 3586 5802 7276 7865 7045 1151 7941 3274
7023 7206 7205
7033 7031
7040 5524 1133 2790 5800 5773 2677 5738 5173 2620 5543 6620 5059 6991 29 1185 7036 6398
7042 1612 7041
7047 5179 7677 6311 996 7052 1055 7391 7614 6635 3691 5079 7598 7665 6494 3642 5773 1762 7086 7053 7390 6596 5524 7046 4966 5446 3787 5028 2565 1374 6624 7678 7055 7045 5445 7676 2765 109 7231
7050 7733 6221 6918 7062 1151 154 600 136 6552 5800 7378 4116 6032 7625 8085 7391
