6890 6753 5800 5022
6892 5800 5524 1074
6897 1151 3258 5079 3691 3032 1549 6619 5697 5022 6895 3642 3381 6380 1074 5188 6620 668 4401 2688 6494 457 5103 5796 5053 737 4967 5543 3641 5189 5185 5166 5524 5531 6577 2565 6501 2485 2564 2940 6179
6901 6359 5824 5697 457 4967 109 6270 6736 1210 6848 4828 6327 4045 5811 5188 2693 2565 5524 5812 3642 3381 5802 6784 5531 6902 6649 5739 3641 2145 2620 6772 5934 6299 2688 5543 4764 766 6615 6865 6620 6032 5630
6907 948 6918 766 5028 4536 7239 6804 6563 7057 7055 6299 7054 7099 5531 5217 4879 7233 3456 6486 6458 3447 7052 4036 6006 5806 7236 5143 7237 7238 6180 6624 5802 7235 5872 5800 7153 2658 7231 5179 5173 4647 3073 6316 7063 6934 7232 4310 5524 4437 5053 2059 7234 3586 4164 457 7131 7086 6924 2565 4948 6916 3381 5810
6913 4824 7100 6907 136 7012 5692 6443 2186 2240 5582 5188 5524 5079 4669 6994 6611 5143 6714 7276 6941 4943 7024 319 6865 1098 6934 4099 5179 4974 6032 7099 2249 2565 5796 6486 5800 6906 4795 6993 109 5814 6914 6624 7132 6414 6359 3642 4924 3447 6615 7277 5827 5189 7063 6619 4828 5316 6327 5802 3381 29 2707 6784 7241 5531 5822 6772 5773 6635 737 7280 7104 3586 6774 6270 6596 2677 6618 5059 457 2831 6218 6848 7279 6560 5342 7278 4310
6914 7343 7052 7733 5553 6494 5775 5915 68 5524 4483 7225 2485 7873 7894 2330 3447 4110 5802 1691 6907 791 4151 1374 6502 7743 7241 3366 7150 109 2565 7471 2067 4948 2192 7874 6976 7183 4632 1542 7833 4318 4795 7047 2297 4943 5002 7892 7092 7231 5487 7891 2619 7808 4534 7614 5773 7153 5016 7012 7005 6596 5233 6624 1365 7057 5804 7719 7744 6414 6445 6072 6934 7893 4040 6993 1151 7415 3642 6016 6272 5998 6772 5103
6918 311 7774 7301 7086 3910 2576 99 7280 3642 7901 2565 3631 5188 7900 5173 5524 6976 3655 3381 7057 7047 5102 4036 6006 2560 5800 2003 3032 6900 7578 6907 5920 967 7744 1166 3073 6538 7378 5179 8077 3478 6443 6032 5189 1374 3380 4988 4347 3498 6305 7026 3297
6923 6941
6924 3642 7052 3642 7666 8243 6946 6618
6930 4967 6359 766 5714 3381 6270 5439 2972 5166 5543 737 6032 5630 5188 3439 6323 4616 5697 691 6204 6500 6615 6619 1074 4828 3586 3641 87 4071 5022 5185 231 6305 6846 6242 319 6456 5811 1210 6620 5824 5531 5524 6458 457 6649 2677 6611 3642 2565 6929 5553 3772 86 6736 4045 6865 1835
6933 4632 5022 5185
6934 2565 3691 7490 7054 5079 5022 7052 6177 6563 6523 7598 4483 3642 5811 5839 1098 5739 766 3641 2485 5217 5802 7659 896 6299 5524 3381 3642 5177 109 5822 1374 1210 7047 5800 6577 5524 6619 1041 737 643 5773 6359 7045 4441 7580 6421 7055 7231 4040 5998 5053 6510 4099 6649 3378 7057 3787 395 6896 6299 7564 4632 7647 3586 6624 4221 6596 5796 6784 6907 6714 6938 3447 109
6938 5800 5185 5022
6942 3586 4712
6945 5524 4550 5188 6006 5604 166 3691 4310 5179 5811 2565 2790 5185 6620 4967 6615 5022 5862 3381
6946 5998 7378 6032 109 7301 3665 7280 5079 7233 6272 6634 6510 4948 5824 3642 5814 7055 6072 7084 7057 5857 5966 7727 7086 7578 7733 7407 6618 4662 2565 5059 5524 6624 6460 6560 5002 5189 7666 7900 3380 766 6907 4967 2565 7405 8012 6615 5800 4036 4899 5998 5173 6270 4310 7057 6907 5800 6596 7086 5189 6913 3142 4632 5524 7425 737 5531 7564 6563 737 5179 6620 7691 4483 6714 7085 988 5524 967 7901 2677 6772 2972 1098 8035 5254 6916 2677 5550 29 7378 5802 6619 5173 7682 7902 3447 3812 7047 4310 7818 7511 737 4310 6714 5531 600 1374 5378 6615 103 6634 5920 2565 5775 5189 7675 6494 5800
6948 3381 5857 1982 3642 6523 5002 3641 5179 6595 2565 6613 3787 4632 6620 5022 4550 5079
6953 5796 5022 1098 5646 3642 5185 2677 6299 5811 2790 2565 4550 5543
6955 4632 5862 1542 6953 6954 1051 2481 3447 6398 6494 6272 1098 6618 5796 5529 5582 109 4828 6032 3641 6619 4967 6270 1151 36 4437 3381 6615 5188 4712 2972 2619 2369 5524 2693 5697 6934 4483 5773 5816 2565 5543 3293 5185 6620 2851 5053 3764 5802 6949 5817 4550 24 5022
