7052 5028 5173 2565 3447 5966 1374 5103 6006 5697 7047 6934 7409 7045 109 6494 6624 6907 1098 1041 7649 29 5002 6272 5800 6510 5802 6620 766 6563 5059 2576 6914 1542 6941 5524 7276 5915 7023 6714 6020 6241 7391 5103 4948 7046 7132 7056 7150 7231 6518 6913 5800 7092 5531 3381 6316 4310 7301 5189 6945 6991 7054 5998 6346 7055 1621 7057 4632 1063 3642 6272 2560 5173
7054 4310 6934 2565 2658 3642 5179 6941 6907 5531 3691 5524 4712 6443 7057 1374 3032 3787 7531 4948 425 7090 6784 6918 6494 6714 3498 7239 6280 7262 6563 5173 6945 6360 6316 136 2941 5810 5999 7231 7279
7059 2276 7048 7045 7046 5773 7047 5524 7049 1374 7044 7043
7060 5173
7063 4310 7691 7865 5524 6914 737 6711 6907 840 7405 7132 6422 7052 3297 7057 1151 3916 4347 3310 6218 1098 109 5655 2658 766 5796 5822 6032 6993 6097 68 5166 3956 3752 4943 5188 5802 7376 2565 7055 4666 7733 5342 4076 3586 4221 5800 7390 6524 5543 4981 7047 5857 993 2655 6770 6596 7394 7280 2660 5814
7073 6620 6618 5800 6359 1003 5472 3381 6913 457 5452 6360 4662 2186 5103 4310 6458 5524 4437 5173 5531 2793 2674 7071 3792 5582 2677 6615 6976 4045 1043 6305 4632 5188 1042 1142 7070 2565
7074 5103 103 5524 4795 335 5173 6360
7088 5445 6914 4712 7055 2658 1374 5446 7057 7379 6714 2369 7086 3466 2565 5524 6280 6784 6900 7052 3381 5053 7236 5531 5179 4046 7513
7092 3057 3348 1374 7835 5016 7302 7691 6494 3404 7812 6316 7110 1661 7047 4071 5620 7280 7833 4792 5233 7831 5806 5028 4681 7829 5524 2485 6243 7352 6692 5814 6072 5839 6596 3877 5802 5969 7830 2549 2565 6548 457 7744 5489 3642 6555 6907 3641 5188 6924 6914 6272 6918 5179 7733 4632 6020 5024 1133 1166 3447 6229 580 4712 4353 6902 4981 4764 4948 6619 5002 1470 5915 7544 5543 5529 5166 2619 6676 5306 7614 6518 173 766 5173 7301 6043 5998 6976 6032 3297 6006 6784 6560 7618 44 2369 4046 7171 2299 3274 6068 7052 4398 5796 4943 1151 1811 7834 5189 6460 6221 6713 3586 6241 3092 6993 7071 2658 6624 6484 7131 6016 5289 7832 6218 854 7443 6951 7578 6900 4483 5773 3614
7094 6620 5524 4192 5059 4632 1796 6596 6327 5697 1374 5773 6855 6618 1098 5807 7052 2565 5531 7086 896 406 457 3642 6945 996 5189 3381
7101 6618 5543 6906 3965 6976 6494 5773 3381 4045 6097 5932 5800 7100 6327 5807 7098 4964 4967 4795 5802 5189 6907 6619 6848 7099 5188 6913 7052 5998 6615 109 4310 6620 3593 5524 4036 766 6665 2972 3803 5697 2565 6611 3447
7108 6918 996 6913 6486 3642 6305 7086 6665 5582 42 5616 5596 4441 425 6006 5173 4045 7104 1132 3641 6991 7106 6359 4455 6443 6906 7080 6620 4422 6459 7103 3381 3106 4795 5079 6907 5531 2215 6563 2565 6619 2186 5524 1374 6916 1305 6615 5811 3527 6360 6458 5103
7115 6619 6523 4437 6494 3478 1043 4361 7112 6502 5804 6327 7070 5028 1142 5802 749 4151 2518 3982 5714 3381 4451 6627 3366 5188 68 5998 766 109 5489 1151 1473 3593 2264 5816 5002 7109 1549 6458 3457 6934 6620 7071 7052 2660 5524 36 7114 5189 5796 2547 6615 395 6612 1691 7111 1542 5103 6906 6443 2972 1835 6618 6976 5452 600 4967 7113 5775 5940 6711 3803 2565 5102 3642 5697 2502 5721 5531 7100 737 4045 4310 259 5807 7110 1003 2456
7116 7231 766 6946 1823 6596 5814 2565 5655 737 2658 6241 7362 7052 6665 5028 7056 4441 6414 5804 5800 6280 7026 7176 2452 6538 155 2369 7580 5802 6618 2940 7598 7054 5053 6907 5103 7588 4310 5872 7239 6619 3459 6032
7119 6618 5188 6934 6615 6360 6945 5524 7052 5998 2258 5773 6711 24 6327 766 5543 5721 2565 4709 6975 1151 29 7100 6976 5166 3586 5002 5697 5173 6525 6906 7117 4045 4310 3381 2972 5802 5582 4967 5800 5054 6620 4760 6913 5553
7120 7733 7684 7736 2576 7391
7131 6907 2565 5524 2328 7179 1701 1767 5988 6615 7452 2658 5189 6924 7456 7453 7057 4717 2549 5166 6784 469 7458 7181 6032 3642 7132 7055 1353 7461 5630 5802 7459 7454 7180 5445 7457 1098 1647 6941 7455 7451 7462 5543 6714 7092 1075 6900 6671 7086 6156 7239 7231 6618 6916
