4188 3454
4189 3462 4957 2326 2871 4295 27 4073 3794 3785 4219 4688 4298 4315 3394 4547 3449 3026 4814
4191 4564 3562 2474 4534 3729 5011 3519 2565 2323 4211 4074 5008 5495 3028 90 5526 4150 5468 2688 4186 3830 4336 27 3614 2967 3173 546 3854 3634 4297 4333 1133 1204 5527 27 2135 5525 4138 5175 3729 3787 3568 4212 3601 2667 3719 3321 4077 4981 3969 3191 5454 3977 3973 1133 5285 2134 3086 3641 1549 4574 3456 5339 1847 5427 2237 5528 3541 2645 3032 2237 2290 1151 5520 87 5523 5518 3394 766 5517 1767 4846 122 5519 5171 3451 3447 3643 3394 5207 3227 3447 1111 974 600 5524 335 4894 3276 5321 5516 766 4072 3026 2297 1647 3032 4138 2237 4073 4948 3454 2775 3643 3796 3276 4127 4001 3315 4536 2560 5522 1470 5295 4335 766 2700 5515 2398 3786 457 3568 2618 3373 5184 4536 2440 2859 5046 2592 166 3352 4976 3806 2651 3794 3624 3658 4994 4186 4073 825 1542 4334 5189 2605 4144 4483 2790 2145 879 4063 2688 2688 2565 5176 2832 5474 4337 1847 2747 3334 3453 2257 3568 4212 335 2326 4073 1984 3614 4859 727 4044 3258 546 4316 5521 1500 2694 5254 2967 2369 4550 3787 2999 4333 4212 457 4298 2504 2564 2775
4199 4222 3854 4073 4074 3631 3785 4500
4201 1356 2381 2384 2379 2256 3691 4206 3568 2713 2488 1166 3973 2693 4136 2118 2326 3090 4065 3480 122 2565 291 2940 4202 4203 3451 2655 2700 788 3625 4042 36 1972 1838 3660 4200 11 3804 4076 4098 3667 3633 2651 2967 3724 956 3728 68 3292 3642 695 3028 3469 4205 4204 3635
4211 5691
4212 4511 3451 3452 1184 2237 4046 879 4045 4261 1468 3463 4342 3902 3449 766 3796 4211 2699 1133 4798 2485 582 1064 2871 3144 4632 2688 4633 2565 1151 4774 4219 3290 4076 4688 4587 11 2972 3634 2967 3453 3433 3447 3803 3454 3034 3455 68 3462 789 3976 697
4216 4136
4219 4726 4001 2967 789 5079 2972 4329 3191 4441 4371 4818 2369 2699 4536
4220 4458 4635 2557 4159 4001 4415
4231 457 4228
4233 4042 4136 3948 3276 3615 1838 2565 1542 2654 3614 4199 2297 291 457 2326 4152 308 3032 2210 166 2411 2535 3568 3819 2688 1462 3955 2713 3724 3691 1374 2747 12 2379 2967 3258 2542 1990 4232 3631 4076
4234 4211 1608 1151 3451 3691 2145 4138 742 3660 335 2237 4151 4467 2135 3188 3352 2832 4214 2129 4468 2565 4056 2967 2264 601 2859 2713
4235 4093 3819
4237 4128
4247 2542 2564 5188 1835 2565 2384 2900 4240 5179 2256 2264 1133 4242 5599 2328 4199 4276 1151 3641 3032 1549 2326 766 1466 3191 4550 2747 4843 5173 4136 1166 467 86 1767 3641 4899 4310 3027 1767 3642 4241 2667 1374 3249 4124 3032 5184 3635 2379 1549 3787 86 5175 1608 2713 3634 2967 4240 4208 2384 2883 3519 4123 3027 1097 1608 1823 3912 3593 2972 5600 1097 1522 457 2411 2109 1151 4077 3724 3445 1807 2264 1691 2688 5190 2485 2689 2693 4042 2688 4988 4666 5189 3449 11 1111 5176 122 1462 2702 4151 4967 5119 4712 5079 5181 14 3794 1166 1542 5598
4256 2958 2328 2651 3635 2713 3173 3854 3615 4123 1566 4127 2371 2697 3026 4076 3682 2988 3813 3352 2326 4285 988 3973 549 3562 2727 2240 2653 182 4136 2565 2237 1097 3568 2696 2964 3614 1166 3225 2871 3028 2859 1137 2967 4037 3660 3192 4138 3456 2485 457 4284 3394 1596 2989 11 4073 1522 2688 1133 2134 784 2510 4273 2560 3748 2504 1211 1808 4137 1608 3977 4142 4282 3541 3724 4111 1891 3024 4144 813 3782 1357 4128 3059 3666 2700 1549 993 2842 3188 3276 4020 1062 766 4283
4261 2120 11 4431 2967 1496 3350 2542 3144 4697 4661 4437 4433 4045 4633 4044 3463 635 4694 4707 4298 3639 3568 2871 3728 2696 4632 3057 3447 4709 4705 291 2475 4001 1184 2611 3969 4695 4698 3402 3026 825 2237 2440 4211 4477 4682 432 2660 42 582 3748 3956 3454 4711 3902 1549 4708 4219 1395 4699 2264 2496 24 4704 4703 4700 4710 2688 3449 4587 2972 4688 3227 2565 3796 4588 3453 766 3985 4692 4702 2774 4696 4693 879 742 4706 2932 4701 1133 2651
4263 1395 3645 2237 4076 4255 3456 3148 1133 4162 1236 2972 4260 1009 3806 4229 3373 3454 3479 3249 11 3145 4259 2693 3973 4261 784 2651 3724 2871 3451 3813 2297 2704 2688 1062 1305 3367 813 3787 3917 4065 4123 766 1549 3519 4020 2713 3568 122 4136 4111 2565 3615 2700 2504 457 3352 3912 1471 3948 1522 2326 3659 2967 2964
