3371 769 689 3304 3010 2686 722 1972 2485 3297 2559 2703 99 988 2693 3367 2713 2256 2285 2368 2564 3148 3018 1754 2565 556 826 12 3020 2135 784 1496 3366 2326 3095 68 1639 1487 20 3354 1812 697 2416 2003 1305 3189 1446 172 2687 2542 1608
3376 2790 2145
3381 7231 2981 6615 6907 7490 7280 7056 5915 7049 7661 4441 6494 5820 7262 5998 1542 6624 3084 7120 5800 7047 5445 6993 766 6555 4040 2565 1151 7744 1374 7080 7045 5802 7055 6596 7695 5524
3393 4948 4899 3787 2145 4967 1247 3641 1470 5263 5531 2688 2565 5324 3614 2485 5427 865 5184 4653 5361 3191 689 4632 1253 3483 4441 3453 2001 3032 4144 122 996 854 2667 2109 3522 4536 1795 5176 1374 1097 766 5487 4550 763 3498 2369 5633 697 4964 2135 1549
3394 2237 4142 2747 2958 3541 2923 2775 3614 879 3659 766 2967 3762 2688 2713 457 3813 3973 1062 2645 3767 2510 4124 11 2658 2585 4189 4290 3775 4001 3965 813 3615 3454 4123 1133 3168 3032 2210 2660 4076 2651 4136 3522 3666 4144 3787 3276 36 2964 2932 3334 3478 3568 2560 1608 3719 2565 2328
3404 3144 1127 2747 2651 3301 2114 946 2713 1305 3352 2237 2256 2674 2688 667 2657 1985 1972 3854 3417 11 3709 2940 3026 3641 2510 2485 3276 695 1062 3258 3624 3541 3192 2727 2653 122 1885 1549 1521 457 3842 306 3525 2790 3457 2700 1522 3678 2699 2822 3611 2654 813 3477 2859 3394 3056 3196 1820 3682 1922 1395 3615 2129 2565 1808 3010 2326 2988 2967 988 3252 3659 3597 3084 3855 724 1306 2290 89
3408 311 2703 1487 3024 2686 766 1795 290 2009 1928 3345 59 1024 1169 3406 172 988 3000 1972 2790 1697 3380 2660 2411 2707 3010 2692 3018 3119 2229 2576 469 1167 2003 2041 2651 3405 42 600 553 2700 2842 2706 556 722 1353 2332 2713 1374 3255 1305 826 3190 1496 3001 1661 457 2612 2541 3031 2502 1098 2964 3399 2859 1166 1922 2688 173 1925 2186 310 2883 432 2507 665 2240 2326 769 1931 2118 2940 3211 2542 2033 2257 996 2693 1767 2565 1855 3390 1549 1259 306 3352 3338 3397 3404 3144 2285 24 1808 2702 3304 1419 3297 1951 1473 2237
3417 4486 4665 3035 3456 4550 432 5184 4070 2605 3643 3447 2909 4653 5079 5255 3453 3191 5203 3321 2485 3641 3352 4938 5294 2565 1041 310 4441 4967 5110 4099 3404 5295 3614 5012 2560 4355 1374 3449 2237 3452 5020 3483 3658 5286 5296 4448 766 3390 2387 789 5029 2699 2972 4829 3479 1972 4899 5189 3275 1542 3378 2384 2118 4310 1639 749 4276 4948 5190 2688 3812 2932 3568 2369 4353 3457
3433 4866 3457 11 4219 3402 2118 3794 4893 1537 3796 1166 3449 4932 1733 766 4077 4933 4065 4931 4441 4581 4891 2651 3455 2237 3603 4212 4415 4044 1204 3452 4647 1024 3142 4045 3453 3462 813 3469 789 3456 1133 3454 727 956 2972 4688
3435 2842 2257 68 2686 749 3390 2326 2690 90 2297 3005 3352 122 804 1374 1259 722 2693 2696 2384 1749 2565 1305 3010 1487 1744 1896 2653 805 1098 46 3031 2542 172 3304 1608 2967
3439 2565 68 24 4152 4213 798 3724 3252 2832 4142 2686 4211 2565 3028 3291 4074 3144 3451 3615 3317 556 2688 2653 3452 4065 1537 2560 3276 3394 3635 2871 2174 457 2129 1385 11 3645 3032 1051 2707 3454 879 854 3630 2612 4066 2118 3787 2645 2433 3456 3402 1133 2693 2326 2326 2547 4124 3168 4138 122 2958 2594 4212 3641 3032 2651 2651 3479 1813 3304 3110 2713 3956 2237 4214 1166 2724 2967 2747 2585 2932 2859 3568 3380 988 2972 1549
3443 4152 974 1661 879 2542 4626 4151 1133 1184 4441 173 1151 3854 4504 2065 3449 2658 2693 311 36 2871 2368 3519 86 4488 2859 3450 308 3787 4564 3057 3004 3794 695 4486 4219 3402 805 2775 4127 3352 4065 4036 722 1097 2398 2557 457 2595 3453 4223 2660 3026 2565 2323 4627 3033 4212 1613 1730 2504 24 4220 3452 2737 600 766 3276 1985 2365 3521 2326 1185 3378 3568 3034 2256 122 3615 127 2384 2109 3614 4622 2547 11 2576 1179 4354 2653 3144 2381 3743 2237 4625 2655 2909 1549 68 1859 3634 2485 3456 3463 4624 4073 3326 1748 87 3350 4623 4430 2546 1253 1542 3462 3454 2688 3445
