3117 1922 826 3481 1305 993 2290 1549 2472 784 3343 2904 784 2595 1719 1098 3350 457 937 172 3719 1424 2307 1896 1719 2003 1980 766 2940 2790 2411 3477 3637 2356 993 2565 3667 2093 3072 315 306 1151 650 2699 1769 1137 3084 2593 172 2690 2690 2062 122 2713 1550 2256 2653 1919 3659 2948 3876 1230 2691 1980 2289 1608 2257 2236 2368 2617 3168 3047 2765 2653 2958 2326 2485 1549 2700 2371 2237 1428 1922 698 1596 3633 3024 2790 3010 1097 3454 2352 3394 3457 3641 1820 2114 11 1062 1596 2299 2565 2693 2585 3724 2923 1896 311 3112 3113 3026 2237 3648 74 3541 1820 2747 3276 3630 1550 2651 3877 1211 2062 290 1972 2923 1492 3053 1305 2504 311 1062 2371 1813 2967 2838 766 2398 3519 2576 3081 1967 2485
3125 3969 2651 2565 3479 2660 2653 4138 2691 2747 4111 2958 3394 3724 4295 3917 2832 2217 3645 4502 4191 2485 2134 2223 4142 1133 4062 2145 3624 4151 2713 2790 1769 4222 3449 3457 3560 4063 825 3145 3453 1687 457 2688 4065 2237 4141 2909 766 11 3454 3456 3521 2696 3463 4371 4045 3615 2576 4298 4433 1813 3352 2972 3568 3814 4152 1024 879 1522 2118 3452 3812 4297 4503
3126 2565 128 2686 172 2236
3130 2274 2578 2240 1215 2948 2246 3028 2909 1814 2398 2614 2065 1991 1522 2510 3073 1319 1357 1783 1037 993 1424 2651 3129 3127 2657 2688 2691 2323 3128 2987 1098 3020 2618 1875 2617 2615 2611 3124 3126 3125 412 763 1487 1808 407 2790 1135 2707 3031 1470 826 1552 2594 1549 650 1583 1749 1885 1847 3123 3039 2230
3136 47 1622 1711 1855 1150 1604 626 1594 310 3134 3131 20 707 42 1166 1202 1717 1808 308 1055 1555 36 978 1919 1185 1571 1473 1006 600 1395 826 960 546 553 1925 311 86 1608 1700 11 1374 1151 1354 280 317 1697 922 1569 1352 180 1885 941 3132 1614 918 993 173 1997 1549 2214 304 457 1032 1525 1463 72 1496 1585 1428 556 759 872 1615 1133 1570 1521 1319 1962 3133 24 1772
3138 3137
3140 4563 1501 766 825 3453 3449 1297 2972 1967 4448 988 4045 122 1549 11 3137 3463 826 3985 2565 1537 4324 3145 4547 3098 996 2967 2476 1549 2686 2356 3062 1814 3457 3095 457 1133 3451 2160 3009 4569 4222 3787 3041 1592 2114 172 2145 4065 2411 3018 2371 3456 1623 3615 3137 3032 2688 3461 2651 988 1991 2565 3450 2948 2654 2932 4564 1200 1972 2237 1305 4216 2236 646
3144 3660 2832 2298 2707 1463 1151 2909 306 3917 2651 3645 2129 1688 3724 3456 3639 3026 3402 1661 2688 3457 3352 3453 3571 1381 311 4142 4070 2485 3806 1549 3925 1133 3350 4152 2851 3451 2646 4045 4138 4214 4151 2713 3463 2696 1813 3394 766 113 3009 1717 122 2237 2371 4065 3000 2972 4465 4469 4197 3813 3449 3948 270 2565 3814 457 2859 3969 3634 11
3145 3032 2485 2565 1024 2234 2686 2236 2476 3031 68
3148 3057 3523 122 3010 2411 2654 1972 3026 3144 2559 2747 2700 2936 2693 2940 3439 2674 2290 3618 3056 1305 3470 635 2326 879 2651 2576 825 3619 948 2237 769 1009 2186 3610 1835 1549 3611 3333 766 3055 1010 813 3380 2842 2618 1210 2713 3009 2209 3404 2967 2565 2485 988 432 2688 2699 2328 996 3567
3150 3031 1549 1691 2688 2297 2237 2686 1166 3098 2871 1814 376 2948 3033 1024 1200 1608 308 2472 1305 1972 3149 2476 826 2229 988 2236 2565 646 1098 172 2660 2371 2702 1991 36 1395 3041 766 2547 2234 68
3155 1885 1097 2790 2174
3164 1697 1385 3098 172 3159 2618 2565 2237 3163 2978 2686 2619 1592 1833 3158 2688 2690 3061 1024 2904 2472 988 941 1570 2065 1200 3162 3132 3160 2564 136 1549 1374 2236
3173 2326 1749 3380 1102 3258 172 2688 3010 2371 1566 2696 3059 3596 2485 2009 3026 2967 3595 2565 2658 3031 122 988 2988 3470 1305 1381 2653 3032 3417 1132 3597 689 813 2290 1972 2657 3276 3477 3304 2989 2713 2559
3180 2872 2700 1051 2398 1550 346 11 3276 2719 879 3032 3666 3402 2651 3454 465 3168 3172 2713 2790 3394 2707 988 3026 2654 2326 1972 3661 2657 3961 1471 3775 2365 3631
3191 5022 4967 3787 5624 5684 5834 2001 3458 5189 306 5361 2686 5708 5177 5960 3922 5246 3642 5079 3666 5263 5691 5871 5939 5697 5262 5324 2688 1133 5809
3192 3724 4007 2134 3258 2697 3373 3806 4273 3059 3615 4073 2688 2375 4138 3326 3522 2326 53 994 3614 3225 2967 3173 4142 3598 1137 764 1608 3854 2932 3456 3728 2713 1296 1428 2565 4189 2237 3787 2871 3026 2696 1550 2371 3032 1151 3631 3479 3971 457 2964 766 3813 2989 4136 3635 1566 2328 3973 1549 1133 805 2297 4274 813 1062 3597 3658 3748 2988 1357 2381 3168 1594 4020 182 87 2645 4127 3863 3159 2585 1097 3666 2062 319 68 122 1316 2660 1688 3568 2972 3661 2653 11 1381 36 2485 3641 4071 2379 4137 3469 4128 825
3193 2497 2620
