3937 3032 3175 3541 2859 3615 988 1749 3912 3647 3842 2356 3636 3661 3935 3168 2398 2713 3477 2549 11 3527 465 3642 3196 2264 3631 3544 3936 3055 2872 2565 3724 3454 1767 2326 3366 2688 3802 3010 1522 1151
3946 974 351 2297 3527 47 313 546 3032 3641 3945 1297 788 852 3320 2290 3666 3728 166 2524 3402 2542 827
3956 4133 457 4433 2651 2658 2237 4598 1062 3453 2565 3461 582 3643 4599 1537 3450 4219 3462 3168 3451 1041 2504 1813 2972 4440 4045 1279 2688 3292 1522 3902 879 2576 4564 2903 1985 3615 4441 1133 1221 3274 2967 766 4065 3028 4547 11 3454 3350
3958 3451 2790 1133 3402 4441 3666 3450 3145 5176 2387 4219 3454 2576 122 2831 3854 319 2557 4036 4756 3666 3447 68 122 2967 4045 766 3455 3456 3032 1374 3479 2264 4441 3453 3032 2237 3601 2972 4632 4138 2612 457 3452 4430 996 5612 4099 1210 3350 2651 4666 766 2935 3394 4440 3390 11 3449 5454 4377 4436 4588 3056 3462 5189 3168 2688 5179 3453 4065 1185 3787 2365 5675 3447 4967 4547 3449 3478 2576 3614 3614 2658 4276 2565 3786 3463 2129 4607 4824
3962 6241 7915 4943 7387 7131 6596 5802 1151 5189 4981 6918 6624 7231 4483 1374 2619 6221 7882 7005 7916 6523 4222 5814 3586 7390 7768 6043 7598 3752 6006 5543 1661 6975 6460 5166 6218 5524 7092 7057 6907 6993 4829 6174 7335 109 2440 2240 6068 5998 5173 7578 663 7443 7614 2410 6563 7733 7405 6657 7727 600 5028 7697 457 7227 7378 2565 7691 7744 3274 7080 3813 2658 5800 7047 7164 7449 4347 856 2576 7659 5822 7910 766 7808 6914 4926 7280 840 7769 5472 4792 7294 7052 3402 87 5686
3967 3966 3660 3527 3276 2872 688 325 3814 1647 465 3258 1542 1319 3055 813 2326 11 3488 3949 2790 371 310
3969 1799 6241 6907 3073 5531 5179 825 7052 2833 7055 3057 7262 766 5053 3691 2658 5173 6941 2565 5445 7239 6320 3615 3498 3641 311 2186 7057 3521 3642 7092 4036 3381 3466 3965 6624 2932 3798 5802
3970 2252 3775 986 697 122 2237 2872 3842 3949 3291 3969 3457 2328 1549 3635 2258 147 2398 1428 2688 749 2700 1799 3568 3392 1794 3645 2871 2674 3040 3562 2065 2842 3643 3175 11 2114 1267 3835 3477 86 1473 2653 2326 825 1395 2941 993 2713 3968 151 1733 988 2790 3576 1772 3948 3352 3961 1730 2290 1972 3682 1697 2485 71 2707 3284 3615
3971 3667
3973 1374 2707
3976 5739 1644 3796 3352 2909 813 2658 4044 457 3634 4686 2326 879 4127 854 1542 762 1542 1166 5914 1166 1210 4219 5862 1717 5079 3742 3666 5110 4001 3209 2516 3728 306 2369 4220 4976 2240 763 3787 4040 3965 2547 4756 5534 1522 5817 5647 2859 1133 37 2440 1891 5139 5177 2565 4927 3450 4310 5913 2688 2792 311 2535 784 4136 3454 5427 5617 825 2547 5871 2691 3812 1506 5697 3956 1730 4948 1167 2231 4828 122 3666 766 2774 4630
3980 3949 2790
4009 5655
4011 3258 2872 2967 1549 1537 1522 3394 3902 53 1537 3256 4151 3454 2506 4219 4074 1062 3568 3461 3666 2565 3447 3453 3276 3256 3456 1151 2258 4468 3979 1542 2700 2237 3956 11 1065 766 1608 4633 4598 4316 2565 3439 3949 2964 4044 3462 3445 3812 4127 4152 943 3450 1150 3394 4040 1133 3666 3787 2713 2623 4065 2688 4433 3855 3542 11 2326 3026 1984 3961 1813 29 306 3449 3631 4010 3631 3291 3956 3845 879 2842 2290 2658 3691 3140 3028 4632 4441 1166 1184 695 2859 2356 3541 3463 457
4013 4138 3258 3291 2871 2381 2651 3352 3635 122 3479 4042 3568 3819 988 2542 3615 3625 3168 2688 2967 11 2365 1748 4123 1470 2654 3786 4076 4136 2326 2713 3719 3660 2565 2210 3614 3724 3454 1279 457 766 68 2485 2506 291 994 3032 1838 784 2379 1549
4014 2618
