7791 3142 8046 457 8053
7795 5915 6712 7579 6443 6570 335 6305 4441 68 7092 6043 2485 7055 2774 1667 7747 7049 7378 395 766 6934 6510 7231 7614 7280 5998 7281 6993 4310 1542 1365 371 1151 3586 1701 7047 4632 2565 742 6907 7056 6596 1374 6976 5188 5524 5814 199 5800
7799 6460
7803 7755 6460 4110 6596 7697 2192 5999 7800 1374 7780 3499 2010 742 2524 7044 3084 7802 6934 7744 6624 7056 2565 7766 7049 6914 7378 4974 7801
7809 7352 6993 6422 4485 6460 7598 5342 7171 371 2576 7132 7131 6555 4994 7586 7808 6218 3459 6907 3571 7387 3788 5524 6946 7054 695 6320 4441 2907 2619 1542 6552 1164 7391 3691 1748 1374 5529 3238 7726 5028 4353 7343 4889 5820 7056 5423 311 109 4483 697 6243 5806 6895 4040 5800 7233 3586 3348 7744 1799 3380 3084 7443 7733 7055 1166 6624 663 5479 7747 6221 766 5822 5391 5814 742 7092 2660 7350 3982 5295 113 5199 7697 7057 5810 5002 2565 7231 762 4632 6563 7120 3274 6941 71 3642 7280 7047 2560 4792 5802 5189 3965 7679 2485 5446 7390 4899 7766 7386 1151 5123 7049 7614 7281 4795 5472 825 5816 6596 173 5915
7810 2983 7057 6914 988 7511 3088 7733 8053 5079 7967 8047 6951 6993 8156 4632 2369 7696 6941 3142 5800 5697 3787 4441 7744 7047 8211 7665 5524 5103 3227 457 2258 5140 6618 8046 6774 1098 2658 2565 6596 5173 109 7086 5015 6305 4899 8036 4948
7813 5915 6907 763 4310 7231 5802 4994 4441 2565 7047 6560 5775 5103 5189 2560 5529 5553 766 432 2658 7021 7386 6780 3447 6624 4632 173 7378 1151 1374 7055 7280 5822 7080 7544 7511 6993 7679
7819 7614
7833 5814 7092 1133 7386 7280 7086 7301 6494 6596 7057 8271 6016 4981 457 4632 6443 8270 3404 7047 5819 1789 3969 2565 2983 6618 311 1098 4483 7335 8050 6941 7043 7637 7733 3447 4488 5096 6072 4948 8107 6560 5524 7772 5822 8047 6032 2485 7578 7131 5800 7238 5998 6914 3057
7835 7954 5188 7055 6212 7052 5775 7225 5969 2565 5254 7792 2658 6460 1151 6596 7865 988 7405 6218 3586 5103 7391 7956 6993 6772 6907 7955 7086 457 5814 7047 7092 6274 7779 5822 7691 1215 7727 6510 5524 7856
7839 6272 5524 5773 7409 5295 113 6523 6624 2504 6414 5273 1613 1644 2369 7837 4795 68 5179 5487 3813 6174 6221 2276 1982 5952 7733 825 6563 2565 7738 4632 6323 7047 5820 7609 6596
7855 1374 4661 6445 2485 3728 2658 7049 6383 6624 2369 7086 7047 5773 6598 7854 7659 6596 7679 4632 1539 5775 766 3238 6458 5524 7853 3460 2565 7578 5802 2660 4441 3092 5201 110 3985 1701 6241 5915 7766 1151 3458 311 7052 1471 6993 4948 7231 7691 5051 5702 1542
7857 6460
7860 5445 4983 1374 7862 7900 4795 8056 5529 7901 6624 7047 8057 7564 2506 4948 7086 5524 2658 7774 8012 7980 1720 457 4666 6305 4036 5922 2003 2369 2565 6907 766 8036 5814 5123 3297 8055 7233 4899 5802
7862 1151 766 7019 5605 6347 6624 7766 5775 4981 6993 1691 7049 1565 5103 4441 1374 7598 6914 4483 646 7052 2658 2694 4151 2565 5051 5804 7733 2485 7047 763 4447 7691 1542 7231 7391 805 2369 4532 4451 4948 110 7682 4983 5915 432 6596 7860 5524 5802 5233 6772 3227
7871 7047 7253 2851 4948 1374 2658 5172 7131 6993 7055 7727 6494 5796 5915 7301 1658 5524 7766 7691 7769 1789 4709 2576 7080 7231 2369 7049 6624 4040 15 1691 5053 4162 7052 7868 7867 6976 2565 5037 5998 6596 7818 5775 4632 766 1151
