4510 600 3350 3462 3378 2129 3028 3630 2653 3522 2737 3645 2542 24 3034 3614 3660 3435 3352 3631 11 2565 2871 3439 4351 3032 1151 2658 1024 2691 2859 1006 3388 3258 4492 87 2033 3463 3724 4045 4065 2713 3033 1253 4451 3456 2237 2660 3026 2485 4051 2365 766 3854 3454 4222 2688 2967 2258 3168
4527 319 457 5697 4276 3478 1166 5176 3404 1133 3614 1000 5301 2623 3642 5263 4967 789 5180 1701 766 5783 5262 1542 4045 4310 2688 4557 5061 2691 5437 5543 3452 5079 4748 2972 1549 5819 5796 3449
4528 766 3796 4127 2473 3645 2972 3032 3453 3725 3956 2398 2660 4297 2688 3660 2746 2356 3463 2129 3449 3034 2859 4077 1133 1319 879 2237 4327 3009 3394 2365 3454 4222 3352 4219 3624 3350 3450 4045 2297 2240 3375 4526 4068 1687 2958 2585 2909 11 2565 1537
4529 4448 4335 3461
4530 5295 3447 1151 3449 5454 4967 4355 4138 5531 3854 2680 5187 4099 2688 3643 5680 3568 4576 122 2565 5037 1608 3614 1097 2369 5188 4073 4550 4310 5179 1374 2135 457 3787 3390 996 425 5150 3786 2651 4036 3666 136 4653 4488 5176 766 825 2365 4881 4828 5675 1697 5285 3642 1055 5452 4536 5263 2264 4041 3191 3601 5020 789
4531 2129 2859 3453 4150 2003 3450 3463 4355 3645 3660 4187 4065 1151 3439 4290 1608 3454 4536 3956 2549 3034 3144 4429 4448 4433 3456 4533 11 2411 3290 154 3958 3496 1813 4151 3258 4531 1133 3443 2658 4534 4191 3291 4152 4127 122 2473 3630 2831 4535 4044 4040 2565 2688 4261 879 3449 1062 766 3615 4351 4530 3796 2951 2456
4534 4899 5176 5188 5182 5179 5180 3642 2972 3813 5606 4310 311 4967 1133 1247 3092 4686 1542 1374 3472 5123 3614 2909 4824 4045 1151 5419 3015 4070 5691 3452 5175 3666 4632 633 3374 2871 3796 2688 3983 5079 5768 2707 1200 4796 4712 766 5189 3498 2135 3449 5125 457 5531
4536 4598 3568 5531 3381 2135 6218 6790 7035 4221 6913 6619 2120 5188 2596 3394 2677 6523 4576 4662 6991 5180 1796 1982 457 3787 5814 5037 1896 3665 6736 5177 5772 6563 3813 4295 4966 5002 1241 582 3375 2688 6272 5796 2481 3786 5136 2369 5037 1811 6522 2972 4045 3787 4310 5188 6359 3813 5802 3666 7011 457 5524 6609 5273 5150 5692 546 6299 6620 5317 6525 6945 5697 4982 7036 109 5179 5998 5263 4764 6984 5187 4222 3439 4967 1537 6829 5079 4455 6093 68 5811 5738 3227 3786 5285 5173 4653 3642 5079 5295 2688 2790 6327 2819 2651 7037 5396 4717 6900 5254 5871 2565 6959 4967 5103 5824 5818 5176 5605 6248 3456 3227 5179 6615 2565 103 2576 2549 5582 4001 2369
4541 4540
4547 3568 4448 2381 3352 2923 1667 2369 4073 3455 1542 4967 3447 4077 2972 3453 3274 5139 4074 5119 2129 5009 3026 3919 4045 4725 2565 3402 3615 3666 4483 2688 4221 5079 5110 4099 4899 5006 4764 4070 3449 2651 4441 4212 3641 3854 4948 4653 457 4661 5140 1166 2693 445 3976 4276 4219 4859 2871 3458 2411 3796 5150 1896 2702 3995 3673 766 11
4551 3449 3463 789 2557 4045 3458 2565 4044 4725 3454 4788 2871 3455 319 2972 4988 1133 432 4065 3568 4688 3447 3452 2727 3787 4441 1537 4859 2651 766 3522 335 3614 4682 4073 3803 3453 3897 1151 2237 3028 4044 4212 2967 4487 2688 825
4552 2379
4557 2379 3456 2859 3284 4554 4553 4547 3454
4574 4964 2387 5181 5189 4310 5079 36 2485 2237 2145 3027 5783 5675 5123 3456 457 1701 5316 3796 2702 5262 4899 5606 3642 5437 2186 68 2115 5171 697 5697 1549 4824 5479 1811 5855 4045 5301 5022 4632 5472 3634 4967 3479 3447 996 5188 3995 3449 5180 2688 4974 3459 5856 2585 2516 1133 3366 5140 3614 2967 2704 3274 5857 5804 4653 4441 4781 3786 2660 3788 2744 4976 4036 3453 4712
4578 3615 4065 3601 4448 4312 1701 2696 2972 3450 3454 36 3137 1813 4151 4574 1542 4273 4072 546 2688 2651 4536 4062 1549 3394 3541 3026 4576 2129 311 1621 2297 3456 3812 3453 2653 3461 3985 3028 1125 2485 4577 2326 2831 4219 1537 3009 3144 3787 122 3643 4045 3796 4123 4575 3448 4535 3792 3568 4044 4127 3291 3854 2790 766 4531 1707 2565 4222 3965 2967 1622 2398 3274 4455 3591 988 3463 4565 3956 4335 4564 3024 4040 11 879 178 825 2237 813 1133 3977 432
4587 4686 4974 3812 5013 4846 4483 3352 5200 5189 3969 5184 5099 3614 3447 2909 3453 4653 3456 5079 3449 3406 789 4673 4212 2369 4482 5300 5190 1133 4310 4899 3209 2972 695 1041 3624 5203 4829 4967 3110 5285 2565 1823 5263 3057 68 457 4353 766 4726 3350 5176 4486 1542 3995 3641 4487 5299 3615 3461 3026 4151 4717 3634 4448 3796 4864 3498 432 3519 4948 2592 5050 2688 2549 2683 3290 1127 4976 2871 2387 4981 3092 3919 3315 4070 2145 1915 3728 3191 319 5008 1549 4813 2299 5243
4588 3455 3456 3835 4756 2935 3032 2658 2859 2859
