1151 1350 643 11 937 280 1428 240 1608 1496 1996 1816 1585 1185 1995 222 1492 993 1769 187 922 1919 784 1836 1800 826 1537 173 1470 1962 313 1202 1997 1772 1211 1767 311 132 457 467 1482 412 1319 1615 695 733 204 546 941 1700 1233 1284 1521 1086 1549 1522 904 1994
1152 319 1086 1150 311 240 998 710 1135 982 937 1062 1151 1089 971 59 6 601 312
1154 1279 11 2744 1319 2740 826 2113 2565 1305 1000 1583 2557 2472
1156 978 982 1129 1046 157 650 315 1133 20 922 6 789 937 1155 948 215 1022 312 11 126 788 176 308 970 348 182 708 1157 24 1158
1157 3034 2323 766 3660 81 3462 1075 2326 3488 4123 2842 4304 2704 2565 1305 4305 1550 813 2326 3258 306 3614 2658 4306 166 788 3258 4266 308 2660 4136 813 3457 3622 68 3620 3032 4307 2932 2713 2871 371 3088 4273 3081 2713 3855 3621 3373 4056 4223 3026 2290 4074 3402 1549 2842 4124
1159 2972 4967 6003 3786 5176 4076 68 3404 4632 971 5624 5427 3388 3642 3614 1542 3449 766 6004 2688 1972 122 2576 3666 5263 5543 127 457 3478 1133 4045 5787 2667 5262
1160 922 635 1248 12 994 784 176 311 11 1114
1164 1908 1236 1470 1135 1051 1492 304 1537 722 1377 784 20 1350 1357 24 1428 1489 1808 1549 943 766 310 1352 407 1962 1555 1482 1697 1062 1395 1615 805 1473 1319 319 1772 1210 993 546 1230 1778 1767 11 922 1769 634 1386 1717 1495 1585 1381 312 1034 128 109 556 1803 1253 1009 1424 1594 14 1166 1221 872 1496 1822 981 290 1167 1151 311
1165 1350 1631 425 204 304 922 1133 1480 789 1836 1261 1585 1549 546 1948 1319 826 784 993 11 1946 24 1767 1374 1166 1159 1075 290 1538 347 1899 1462 1009 742 600 1555 312 686 1947 1487 1608 1203
1166 2290 1357 635 3479 2658 2790 2237 1972 3037 704 2356 993 383 311 3033 2226 2693 2009 2384 2488 2594 1279 769 1875 1549 315 2209 663 172 813 3587 2967 974 2145 3380 2062 2660 1794 2257 2968 2258 128 1297 2272 3032 1127 1730 1247 3258 1319 1259 2297 255 2116 36 1142 3057 2674 3144 180 2651 946 2700 842 3466 1200 2842 2605 122 3352 3000 1521 2328 1210 2791 3148 1985 1374 2497 825 988 2653 722 3508 1473 310 3028 346 1151 2618 2065 2831 1305 2120 2565 872 996 3603 2510 3469 2371 2686 3602 2713 1184 2559 403 879 2940 1717 2576 2102 3386 1236 3024 3031 766 986 1470 1583 2711 695 1820 3291 1098 3470 157 306 784 2688 2485 2411 3010 3275 2326 3528 3439 3562 1795 1496
1167 766 173 311 376 1497 1496 1394 1006 871 789 1492 742 1501 1234 1247 769 1493 1063 1350 1037 11 1236 308 1023 20 1160 1230 125 310 707 1142 317 182 1357 805 1471 1279 6 922 1470 306 1374 457 1185 722 1200 319 1494 993 626 1483 1129 1424 971 1290 813 1046 943 1498 663 1380 1184 1305 1500 1022 1278 1499 1293 176 1489 795 1495 826
1168 1377 173 871 312 826 1605 6 1395 1492 993 1236 1631 11 1608 1615 1487 1594
1185 3455 4364 2688 2237 2485 1062 4437 2651 3463 1166 1279 2951 4324 2375 3787 147 3462 1754 3454 1717 11 3568 3450 1542 988 2504 4581 3461 582 3402 4065 2565 2696 1151 3168 3449 766 3453 996 2658 4433 3451 3666 1210 3352 77 4151
1186 201 2093 769 1639 311 2526 1175 600 579 280 1142 784 1143 2264 640 1462 58 2523 1142 1172 1167 2519 312 996 2520 556 182 1171 356 1034 1835 74 11 645 1184 1592 2108 727 320 176 215 341 2506 1948 1166 2371 47 1145 1668 649 1028 1210 766 650 658 86 1031 1090 946 1179 634 2518 120 647 2115 813 2502 1368 2375 75 1465 2063 1065 1143 954 553 600 1441 789 730 241 749 1395 2528 769 28 2052 1175 759 1169 647 962 988 706 820 2328 1800 650 689 24 1065 1202 75 916 922 311 1051 1043 11 199 1772 1549 2072 1297 339 209 635 469 1174 86 1173 1183 759 319 1644 36 1701 315 2529 762 16 1931 1496 1031 171 177 1173 126 120 371 1151 1170 1051 2133 1176 1215 47 1390 784 2527 2233 626 727 634 339 1043 2109 182 58 2231 113 2240 1697 1185 2521 1997 44 432 722 722 1608 2522 820 280 691 312 1891 1168 1098 177 2510 173 36 193 2241 2142 138 499 371 661
1190 138 254 1170 706 1035 1144 956 1187 982 21 1029 20 1062 697 769 28 312 658 1188 707 74 321 7 17 209 869 171 173 176 993 1189 556 1167 36 634 317 11 1133
1191 3691 6907 2988 2565 7052 6624 7092 1374 7049 7766 7614 3457 6993 4310 5775 4948 5800 5920 1691 7047 3310 5524 110 6596 4441 1151 766 5650 5915 7682
1192 1192
1193 941 900 1234 1340 1342 35 1346 759 310 1344 707 11 1336 1114 1337 994 635 946 1111 1286 317 308 943 1160 1207 1211 784 1297 1210 816 813 985 173 981 1343 24 600 1050 36 667 922 1339 215 715 805 138 1345 634 789 1097 1237 1201 712 647 1221 710 871 171 1292 1291 556 1259 72 7 663 1334 1132 1062 66 376 706 971 311 1335 588 1338 312 1278 87 978 1235 1331 1046 1167 769 1078 659 1141 1055 77 1341 791 457 231 499 626
1196 36 173 249 1194 634 688 1195 1144 312 1111 371 11 869 769 310 686 171 336
1199 691 1549 784 1521 948 87 457 1615 1350 1500 1739 1737 1736 319 826 1242 1135 727 306 1050 1608 173 1492 838 311 1352 1428 1204 904 1677 1538 941 1403 1605 1646 1203 1487 1496 1596 1738 11
1200 254 1064 635 319 310 922 311 1615 1006 1202 24 993 1962 1496 457 1166 280 1428 1835 1571 1151 1756 1482 1167 1201 742 789 42 1319 1137 634 11 173 2053 1767 784 1919 306 1395 1729 1352 1492
1201 1097 1589 176 1319 1609 1305 639 710 705 290 1204 1496 1468 1114 707 432 1608 941 766 1236 310 922 11 1395 769 634 922 789 805 1135 1151 1242 1538 371 993 941 1242 317 1160 407 1596 1489 704 1549 1197 1441 282 1135 1167 173 722 315 1167 1142 1278 636 1521 292 1247 742 1497 1034 334 1064 28 311 1357 1350 1279 457 161 1492 1241 691 791 59 1352 1487 1023 789 1055 1380 1241 1610 1062 1495 1202 742 1424
1203 1278 180 1426 1301 35 11 993 1135 259 1235 1006 1009 1062 707 1357 1430 1380 1291 1236 996 1429 805 334 1221 686 1386 1427 1306 986 1319 691 1050 1210 1431 1075 922 1428 312 1137
1211 813 11 2272 1319 48 1166 1471 2541 769 826 1466 1848 1135 1918 1473 1614 72 1279 171 1717 1521 1849 1615 2551 1582 136 2565 143 2822 1215 1896 2009 1820 1390 2328 1835 2169 1184 2866 1386 2727 904 1549 172 1734 1647 2789 1114 312 971 1585 865 1297 173 1166 1537 2919 787 1678 1151 1972 1114 1350 1608 1278 2838 1236 1836 1610 1521 2778 2342 766 1608 2416 1711 993 1151 310 2133 2298 1919 706 1492 1594 319 1097 1661 1496 1212 707 1267 1621 1207 1614 1612 993 922 2549 1055 1278 311 2904 2193 1886 1583 1769 2938 457 1352 2497 710 784 762 1428 1891 2102 1483 1487 56 2435
1218 171 647 1144 1044 1065 722 1195 81 17 308 789 769 312 180 844 20 946 1034 634 11 334 125 176 173 499 6 810 954 276 310 816
1220 982 1114 312 11 6 171 1219 789 1006 922 1204
1221 1006 715 1236 312 686 6 1137 1062 1248 1259 1114 1245 11
1222 1210 1114 805 674 789 312 639 371 1201 1074 871 704 176 36 457 1133 705 11 1204 180 310 6 1182 311 1221 978 663 922 173 982 1006 993 784 769 941 762 1197 937
