1805 1795 1319 1792 922 1428 173 1549 1352 1614 1350 1832 1482 215 836 457 11 1381 1772 1555 1538 941 1480 1483 1377 1756 1808 290 1564
1808 1552 1183 2547 1319 24 188 2925 946 2619 2595 59 2719 1135 2102 2174 2065 2568 2473 813 2072 1722 1097 2230 1211 600 1991 2474 2472 2256 1374 2935 2186 1151 2485 707 2768 1496 766 2605 1236 1305 1062 1537 556 1661 2914 1820 1463 2133 1184 203 993 1705 2371 1098 1992 546 2840 1697 1734 1521 2227 2549 2796 1922 173 2646 432 2328 1278 1306 865 1357 259 1608 2510 2565 553 1549 769 1621 2791
1811 1480 1756 1501 1525 1628 1807 1806 1608 11 1767 432 1805 1732 971 71 1352 457 1615 1810 1538 1803 1804 74 308 1585 1350 993 1772 872 1809 215 1808 1055 1267 173 1764 1483 831 1428 1614 1738 1395 269 719 1009
1814 311 1221 3225 1210 2510 1922 2565 1496 1374 1820 1230 2559 1097 1439 1424 2474 1492 457 2707 1521 2119 1537 856 1291 1319 1200 2704 1135 1991 2497 1608 2706 996 3098 2003 3026 2871 2703 3006 2674 3028 1305 766 2256 2236 172 3020 2688 2686 1098 826 2618 1062 2790 988 1549 3095 3125 1794 2690 2297 3092 1795 993 1151 3062 2473 2371 1166 1211 2660 1357 2145 1614 784 2507
1816 1151 1538 1395 1278 1368 789 1555 1733 1236 922 1945 1482 1537 1700 1166 1164 1492 1962 1808 11 1622 941 24 1428 1608 109 1496 871 1553 1982 826 546 1668 1487 1981 1495 1308 1615 1756 1062 1621 77 1319 1952 1480 1168 36 1980 1352 1350 1549 1489 1919 457 1470 407
1819 1211
1823 5188 5189 5531 1074 1972 2257 1542 5819 3381 5802 6314 3642 4673 6537 3032 6510 4343 1055 2646 5103 6272 3354 5199 4813 996 5140 825 4632 5022 2688
1833 1098 904 1542 1095
1835 407 24 2133 2328 2503 2332 259 2274 2508 600 1766 2502 996 1608 1997 2505 959 86 2115 2507 1062 2506 14 769 2072 2416 1000 1335 275 2093 2366 2372 1098 1267 1530 2063 2509 2052 1603 1031 457 2085 993 1043 11 1151 2009 2231 1980 1042 356 2197 988 813 2322 2504 691
1836 1521 24 1395 2091 2193 722 1098 1350 784 1133 908 2255 2133 1538 1800 1006 38 1135 2393 933 813 1297 74 1585 1099 59 1977 854 1772 1594 1487 1585 2125 826 2072 1542 556 1691 1470 959 11 788 1756 173 784 1105 2323 457 1549 588 2328 1297 1358 1756 1316 1062 1166 312 1353 1211 1111 1496 766 110 600 290 1151 546 697 1919 2169 650 859 993 1925 2062
1837 813 2135 1875 3144 2371 826 3059 3095 1384 3192
1842 1521 138 546 310 1377 1103 1980 1621 993 1931 1825 556 14 600 727 2072 1103 24 1368 2062 820 2120 1496 2169 1542 215 1080 546 707 1395 556 2240 1831 1480 1521 805 1522 1099 1293 805 1836 1549 1166 319 1316 1835 1151 1792 1831 1583 766 1137 1095 1496 600 1803 259 173 904 1211 1772 1827 1094 72 24 588 959 2405 1691 988 759 1522 2258 1997 1350 2255 173 1697 1395 2133 1184 36 2403 826 11 1834 769 36 1386 1352 1832 1826 1542 1800 1644 215 1829 1614 1925 1644 319 1919 1462 1099 1608 769 1462 1042 14 1549 1211 2407 1830 1111 904 1608 1766 1991 1127 457 324 859 2328 1102 1085 432 1833 312 2404 813 1102 232 1080 2406 1356 922 1837 1031 11 1483 2065 1828 1095 59 1093 457 1137
1847 1169 904 2598 1585 2072 978 1166 1247 1767 813 996 2230 2619 961 2145 2559 1555 2474 2133 2646 1922 2594 1700 1098 2647 1608 1221 1151 1566 1549 1374 1202 1772 1297 691 2256 2398 1487 2093 1135 766 2297 308 1384 1395 2473 1701 1253 11 2507 2510 311 722 2254 2328 1794 1670 946 2118 1489 2618 2371 600 1496 87 1279 1236 2628 2548 2593 1808 993 1215 805 2323 546 1492
1848 72 1006 1062 1919 854 1395 2072 1151 2159 1210 1353 1614 215 2242 1608 1335 1386 2120 1868 836 311 1997 1746 11 2236 996 1098 2062 36 457 1428 993 173
1849 803 826 173 1319 215 1065 1211 1496 784 1055 1549 546 11 1757 1765 1828 1480 1428 1847 922 1483 1848 1350 1462 1506 1756 1838 1845 1697 1352 1846 1844
1855 1932 1538 1925 1935 173 1608 1931 457 1934 805 47 86 555 759 87 1757 1717 1830 1933 1113 1930 126 1099 469 1890 712 232 707 312 1487 556 24 68 1924 922 1356 1585 1319 1923 1203 1697 1293 231 237 1833 1489 1929 1098 1594 1927 553 9 113 831 1080 1299 695 865 20 1926 280 626 308 259 1711 11 203 1542 1368 36 1184 1350 1111 1831 1095 14 44 1102 339 600 1210
1857 1006 1614 922 11 1667 1792 1470 1941 1522 1729 1549 1065 1757 872 44 1487 1608
1858 265 1137 1962 1374 1221 407 556 1908 1009 1585 1538 1800 784 1639 1135 11 766 1428 1608 1487 180 546 1075 1967 24 432 831 1628 1395 1823 304 1350 1717 1062 1386 1552 1615 1621 1792 1549 1594 1492 1352
1859 1667 1395 1644 1772 1614 1483 871 1530 457 842 1542 941 1856 1809 1480 935 844 1594 1098 1857 1473 1357 1428 1350 922 1855 1756 304 1742 1352 994 1128 11 861 1496 1549 1858
1861 6 75 1335 1202 686 11 311 231 928
1864 1862 686 231 1196 933 14 1360 75 1462 1132 311 11 1335 811 1202 6 928
1865 2565 2576 4966 2414 7721 1374 4781 1867 7047
1880 1215 1319 1003 993 173 1506 1428 11 1822 1697 1621 457 1166 1879 24 1473 826 1772 922 1549 1492 1615 1496 1210 1395 1230 1552 1522 1594 1471
1884 1253
