985 663 784 882 376 639 986 1242 334 1293 959 315 1114 340 310 686 954 1291 704 312 647 1167 946 311 1290 853 789 215 11 1292
989 154 810 187 86 317 304 179 707 407 978 1133 161 914 810 47 311 1039 761 23 639 1114 1135 987 72 310 310 334 154 784 312 730 730 86 710 707 71 1134 11 126 47 280
991 86 312 710 280 46 143 6 635 110 430 317 72 990 371 707 587 310 852 722 708 28
993 2131 16 46 1285 1211 2062 1129 356 1055 1583 1167 1792 1151 1800 310 1200 922 1730 1962 2102 2133 147 805 904 72 2093 1769 1608 852 1908 1473 795 697 1501 2117 1319 432 1210 128 1381 1521 1980 626 1808 1977 285 1380 168 1164 109 722 1103 1582 816 24 1623 1032 1135 308 311 872 1838 317 2065 1316 173 1247 1062 1888 706 826 1124 2134 1565 1350 182 2072 1891 1322 2052 870 1352 1230 956 1965 1714 1820 769 975 1442 813 1522 255 1717 2097 978 20 1985 2126 178 2118 11 1339 1547 407 1496 2129 215 172 1555 2130 2127 1165 946 1267 1594 830 1803 1291 1492 47 1552 762 36 1837 1125 1098 74 1986 1428 1489 457 1757 556 1441 6 1614 986 1480 1506 1395 1549 1542 742 1142 1615 1278 1281 634 1566 1767 319 1621 1097 1693 1707 1407 1847 1592 1253 306 784 1991 2135 1111 2132 836 1132 663 1700 1814 1772 704 2128 1236 315 1697 1166 42 2120 710
994 317 269 280 1139 25 805 310 24 912 308 215 312 1138 707 178 111 1137 1074 697 1006 147 90 157 20 742 1062 11 224 789 1009 151 813 311
995 759 310 984 280 649 173 311 994 312 885 650 319 317 993 111 6 143 74
999 904 993 871 499 715 432 789 1135 634 784 600 556 308 1333 36 313 376 310 1062 695 1210 24 312 759 11 317 795 933 704 1111 87 588 1305 173 707 545
1000 1538 960 1352 1762 1480 1549 1756 1202 1608 1521 171 173 1492 918 1501 1428 11 59 1781 1496 1236 1614 1782 922 1442 1279 1525 407 1615 1350 457 1151 626 993 1335 1210
1006 11 1144 310 1198 1182 634 249 15 769 1197 182 312 1195 971 311 725 784 789 742 869 715
1007 340 86 39 364 810 72 110 994 147 1006 784 173 844 704 6 127 317 663 182 280 742 90 707 312 789 341 265 697 306 705
1014 312 1552 334 998 305 29 1006 1319 317 310 157 697 125 695 904 1135 110 1623 637 407 304 147 311 635 178 21 971 784 1168 1013 795 993 1000 113 933 1165 1381 855 999 759 280
1018 689 2133 1184 2231 2502 2511 2226 988 1075 2097 2274 1997 1603 2118 521 11 2072 24 2328 306 1766 996 1000 1395 215 2416 2257 1098 769 813 1520 2085 1267 1977 2332 1794 1549 2240 946 2375 1756 457 722
1022 1492 1357 1129 686 1160 922 308 6 311 1374 1377 348 1253 993 457 791 171 730 1279 1156 173 1305 970 1167 317 1350 11 644 978 1133 306 1050 87
1023 334 311 956 312 1027 795 36 788 304 376 643 1006 707 317 697 943 600 321 232 742 201 639 35 957 72 371 173 1009 994 319
1024 3200 4342 4975 4009 2346 4219
1026 72 2565 319 898 920 1009 6714 29 635 993 1006 3601 2276 600 4144 180 2258 479 704 1008 321 89 650 304 633 959 1133 710 317 552 36 306 74 861 371 86 697 5099 643 663 2560 42 730 978 324 722 1024 7236 1009 4099 335 707 2958 3227 850 956 1021 376 590 127 2369 696 865 1661 1022 545 637 742 147 80 35 5697 823 1025 313 3088 789 7379 762 201 994 28 328 5796 1023 4598 66 733 182 6595 173 311 844 68 308 2240 7294 639 6
1029 1324
1030 311 1006 405 650 312 28 639 55 707
1031 978 708 730 1124 1888 1608 432 1811 946 1997 796 1441 2351 2272 1211 2352 2322 956 1395 904 1550 1719 1380 14 1701 2353 2062 173 647 1549 325 1621 1281 2133 1166 49 1571 180 2193 1772 2240 922 1129 371 766 1193 2072 961 89 1977 813 1293 769 1689 1011 2038 993 11 2326 2169 311 1585 2255 72
1032 310 1506 1006 1279 1357 1492 697 1510 306 1202 11 317 1520 1151 1519 1029 686 371 173 143 6
1034 71 1549 795 1492 1482 308 237 769 11 1006 1792 1374 960 941 1428 704 1594 1615 1210 546 1471 922 59 173 1487 24 311 1055 1622 20 1555 1608 1377
1035 2364 1221 1236 1210 2103 1977 2233 72 1151 1997 996 1319 2365 1549 813 766 11 2062 1492 2328 1482 2363 2156 588 1395 1571 635 1296 1823 1621 319 2357 2072 922 173 1542 1463 2133 1350 1641 730 1062 1608 1215 1835 1496 946 1585 1701 2169 1896 993 1783 2286 6 312
1038 1041 686 710 308 315 707 1040 311 742 861 36 319
1039 312 788 742 994 1006 697 1027 1038 306 689 308 707 432 1032 708 310 317 1037 686 956 749 23 911
1043 201 171 1042 769 808 982 844 280 691 686 1142 306 356 176 663 182 24 1139 376 1006 1034 883 710 1143 1009 312 6
1044 20 911 1029 1049 710 769 1013 872 1071 371 1072 432 1066 634 1070 400 844 556
1049 1137 11 1098 1166 1044 1549 1891 2256 1419 9 813 1465 766 2593 2118 988 2724 2085 2264 429 2072 1247 1691 2120 2646 2375 722 1808 600 996 2723 2725 1667 2569 1521 1560 1621 2093 2306 1552 1395 2474 769 2472 1151 1384 2069 2672 1374 1623 1608 447 1644 946 2721 763 2473 961 2117 432 2225 2332 1097 2328 21 1135 1991 2133 1127 1210 407 826 2722
1053 852 1050 42 844 762 795 14 911 882 1033 280 317 87 304 327 23 311 79 173 663 600 405 458 556 154 769 339 784 937 371 1028 912 789 1051 706 710 759 24 647 742 896 956 157 643 650 74 981 707
1055 1022 1279 1492 157 710 311 871 922 457 432 707 6 308 317 173 20 87 813 805 1466 826 1483 11 1133
1061 457 1210 993 937 11 2062 1919 2156 996 1756 2210 1608 937 312 310 1169 2236 173 1997 2251 826 1151
1062 941 1257 20 308 1114 1230 1255 922 143 707 871 715 171 1258 710 686 317 1256 11 457 72 6 1034 1245 978 986 1259 312 1207 946 705 258 590 697 1254 1193
