2470 1151 59 2094 2444 1059 315 2371 2439 2450 2565 2237 66 2891 2448 784 1919 2872 2014 1097 1342 2449 2328 1132 2093 2063 2072 2459 813 2447 2069 2130 2373 203 203 2375 1336 2894 2559 2557 1976 2458 1919 47 47 2445 62 2452 2451 2095 2608 2888 66 1756 172 1583 2437 2647 172 2442 2042 2174 1042 1059 2457 1051 1549 2886 2472 665 2892 237 1305 2654 2455 11 2438 2010 2443 1341 128 2449 2237 2457 996 36 2044 2452 2427 2887 2454 1340 1336 2014 2328 2460 667 982 2863 1342 1374 495 1151 28 2439 2840 854 2456 2441 2133 2446 1097 935 1051 2455 2093 2458 2889 2010 2895 2453 1592 907 2440 1210 722 2009 982 14 2437 996 62 1193 2862 2451 2042 2117 2133 2576 2373 2440 2890 2893 1583 2009 2444 2438 2871 1132 2135 2461 1193 2427 2508
2474 2707 3309 710 2547 1166 3059 2831 1098 2565 1521 2790 1621 2619 2549 2967 161 546 1734 2667 826 2694 2674 1496 290 2510 2923 3005 1549 3311 1305 1211 3310 2660 1922 2774 2871 1622 2958 1783 1732 2102 2376 2225 2746 2411 988 3053 2713 1972 3033 2576 2727 3044 2236 1596 2688 1291 2912 1487 2507 633 1492 308 1297 1583 143 3062 1062 766 2297 3020 1200 1133 1319 2506 122 2842 1368
2475 11 1997 1608 2256 600 1487 2052 42 1547 1549 993 2063 1922 2233 14 2181 2367 1885 813 2472 2473 2069 2471 2093 1062 1210 1473 2328 2072 1151 1808 1135 2133 635 1794
2479 1769 2133 1151 1919 2328 1756 2372 1747 28 988 113 2476 2172 996 993 2477 11 1097 1143 2072 2375 2478 1800
2484 2370
2485 3568 3028 2565 3352 1062 3001 1566 2988 3512 1808 1885 1549 766 2328 1639 3482 2842 842 1951 1151 3090 36 2713 2323 3567 2657 47 2135 3375 3024 1382 2871 3404 2693 2285 2009 1720 11 634 1521 2700 946 2658 2747 270 2909 3031 663 3056 2371 1594 3422 147 3523 3290 3624 3107 3611 2297 3751 2560 3527 2696 2547 2674 1374 3333 432 3032 3033 3026 2859 3010 2619 3125 2379 3571 2660 2324 2923 2653 3754 3526 825 3457 3622 3458 1305 2947 2932 3542 988 2689 3199 3748 3144 3519 3196 3175 3597 2691 3753 1166 3059 1137 311 122 2654 948 1734 3481 3304 3380 3252 2940 3073 2851 2727 2953 3276 3752 3192 3658 3746 3378 1967 3747 1285 2326 1596 2510 1707 1964 2967 1051 2290 1291 3477 3749 3521 2237 310 813 937 1966 3062 3750 2299 3394 2688 3084 2497 306 1688 1872 1381 935 2686 1972
2490 5691 2688 5457 1207 1374 865 3642 5868 5437 5697 3449 5864 3498 4967 4988 2744 1749 5187 5866 5263 457 5022 3666 5123
2499 2240 3965 304 2206 1636 2497 3479
2501 2565 2497
2504 1335 1003 1184 1492 1772 2378 2328 1125 826 2542 2543 1103 2233 2085 2548 2297 1992 1553 2498 2254 173 2551 2240 2541 1135 1769 2120 2375 275 24 1506 1267 2095 311 2117 2322 2174 1891 2547 2133 42 956 1473 2287 2549 1608 1042 2145 2200 2510 1215 1095 2230 2256 1835 764 1549 1714 2456 1997 1496 960 1980 2209 2099 2206 1594 2226 11 1552 2550 1055 2241 215 1236 1202 2298 2116 457 1098 2009 2306 1151 1210 2545 2398 1986 946 993 2507 2338 2289 1279 2371 2546 2412 2231
2506 259 1151 2297 3059 3482 2326 3451 3812 2859 3804 2651 2967 2851 2502 4055 813 122 2774 3568 1428 1622 2390 1835 47 1972 2565 3454 2398 4057 766 1549 1133 1748 1319 4053 2328 3562 3666 1521 3480 3488 2713 3073 4036 11 4056 3787 3541 1037 1681 2700 1024 2485 2660 335 3949 36 769 4040 3728 635 2871 3814 3815 1496 2474 3088
2507 3614 5624 766 4557 2667 4310 2688 5739 5437 5176 1542 2576 5445 5543 789 2410 4045 1781 5263 5180 4967 4276 3366 1133 2972 3641 5697 1549 1151 5819 3449 3642
2508 1585 3144 2258 1465 3541 1608 2065 879 67 383 1537 24 1320 2542 762 3614 2135 1166 3929 2559 1966 2381 1169 1210 3032 3009 3317 3615 3930 2851 172 2109 3168 1835 1697 1211 2564 1744 3088 1522 946 2565 3728 2328 113 1622 3175 3932 2338 1820 259 3842 151 1549 3928 3527 44 1034 956 928 2504 1972 290 3660 2297 3927 3391 2003 825 698 3912 1717 3931 2524 2545 2326 1179 3443 2560 275 3636 11 2691 1500 2160 3723 3458 2485 1734 2842 3477 2368 3539
2510 2328 3439 2713 996 3028 2549 766 3523 1496 1820 1428 2747 3392 3192 1041 1522 2510 2618 3589 1847 2237 3658 2940 988 3673 3611 2654 3512 2693 3180 1166 2326 2297 2411 1305 2958 1142 1062 1241 3276 3026 1783 1521 2565 3144 3024 3458 1210 2660 2507 1538 1549 3375 2497 3477 3252 3352 3380 2651 2842 1808 2727 1137 2700 3290 3010 306 3525 2290 2686 1972 3394 3073 3343 2790 2688 2365 1151 946 1795 2559 2518 813 2356 2485 3622 172
2511 2972 5655 5188 3381 6615 2118 3985 5998 2565 5817 5002 766 5053 5773 5802 6624 6913 4795 1964 7173 6620 7142 457 6907 3238 6305 6902 2765 4046 4045 406 2258 6619 7126 1823 5543 109 4967 7080 7172 898 2384 6486 6906 2485 3478 6976
2516 2967 1896 5110 3456 3452 1467 3607 4824 4980 5008 2688 789 3452 3026 5312 1210 3258 2909 4988 5181 3748 1769 3402 4363 4859 2688 4899 3787 1549 203 3479 2790 3453 4550 3390 5184 2871 1374 2704 3728 4828 3614 996 5285 4212 4988 4574 3449 5391 5006 44 3728 3607 3032 5644 4967 2693 3455 766 2256 1733 3813 3568 2704 4818 3728 1166 4138 4686 4653 173 1374 3258 1799 457 4717 4353 1985 4534 4036 3519 948 3854 766 1489 3238 5176 4151 3352 3792 1549 122 4686 5608 1097 1166 2326 4982 5630 4099 3641 2605 5189 3995 3449 4781 1697 2688 3498 4151 1041 2379 24 3615 4310 1667 2135 5109 3796 2760 5175 5020 4073 4653 3057 3830 3498 4443 5263 2660 2384 3459 3479 2145 2612 5079 3813 2565 3274 1127 1550 2135 3960 2009 2612 841 1151 4219 1542 4045 3456 2381 4245 4329 4379 4964 3624 4099 147 2398 4276 2145 2707 825 3854 825 457 4036 5188 3796 3032 4929 5190 3660 2595 3787 1542
2517 4219 4733 2135 2512 3291 285 1133 11 291 2072 996 1769 2787 1756 1380 4661 879 2515 122 2256 2658 2967 2120 3666 3631 4142 3591 2513 2117 4429 4077 3455 2935 2651 20 988 1808 766 637 11 3787 2514 238 697 2565 1297 1608 4441 4045 3449 4633 2237 457 2972 180 2516
2535 2651 1813 3454 1885 5543 3786 2246 988 3026 2565 2145 3452 2697 3983 3961 3615 68 6286 2328 1041 2838 1055 3469 6299 3107 5817 4767 1164 865 2240 2774 3317 3981 784 1037 1470 71 3614 310 1799 4073 2297 2240 457 457 2135 663 3666 3910 3631 3521 5934 3635 6006 4632 280 2611 2923 3258 5404 1717 2411 583 2617 1552 5608 5612 4488 3965 2688 3607 1769 2566 1972 6201 3979 5022 3984 3982 3976 3144 1297 1664 1166 4587 1210 534 856 2172 3508 87 2908 5079 2102 1279 2619 1166 2381 3761 2326 2145 6356 2713 2653 2909 4673 4221 5188 2851 5810 2623 3352 319 4489 5812 5696 2707 3660 2654 4406 311 3477 2807 5179 72 2613 6355 2290 2790 5532 5814 3798 2872 3615 3995 5185 407 3986 5796 956 2237 766 2674 4712 11 3985 791 4564 2744 4099 136 5487 5123 3665 5199 2941 5189 3466 2700 351 2256
