1563 1510 232 826 1555 1560 1278 1558 865 885 113 77 173 1559 1279 1129 707 1554 6 1305
1564 1184 2647 2620 1097 1808 1538 2328 2225 2672 960 136 2054
1565 922 1918 996 2099 1977 2249 1705 1542 1098 1608 2118 2255 1549 1623 173 113 1210 1730 993 813 2240 2062 2324 2256 1151 2133 946 826 46 11 1749
1566 1350 2062 1965 1151 1530 1552 2125 1908 813 635 769 1253 1705 1221 36 554 1319 1691 1919 2118 2093 722 1808 1837 1594 1615 319 1693 1381 1062 822 173 1166 11 1549 407 1428 1315 1608 457 826 147 1395 993 1267 1137 1352 308 24 1386
1569 1570 1569 145 457
1571 2118 2700 2297 2900 546 766 3381 2940 2790 2365 2623 3333 2842 172 2226 1151 3334 2565 2651 2560 3275 1037 1166 2485 2693 2398 3033 1357 2674 3349 2713 2323 2326 2411 2688 2686 826 1305 996 3196 3057 813 988 1972 1496 1221 3345 3056 1259 1795 3352 3031 3439 2703 3498 2967 1549 1367 2871 3290 1922 3379
1573 1290 706 1319 1352 1006 1129 707 371 71 457 335 722 187 986 794 263 319 1483 143 317 226 1499 1055 1380 306 805 1423 310 47 663 12 255 1164 1097 6 971 1374 949 1279 922 1497 870 1547 87 993 312 633 826 637 784
1580 1482 1549 9 1202 915 1201 759 1278 1483 1247 1129 1499 769 1497 1374 805 1290 1234 1395 922 1352 1579 949 173 1135 941 1167 1578 1357 707 993 319 1492 695 16 633 457 1279 311 312
1583 1489 1098 1151 1428 1621 1006 74 1549 311 1608 1352 2174 2062 2072 993 1150 1395 1062 1521 1868 1614 11 1111 173 1919
1585 784 87 11 826 1357 1006 1034 1997 1055 2062 634 1571 1622 1700 407 1041 1039 706 1339 1185 270 1980 166 1838 1211 1482 1284 1608 712 946 937 1352 47 1919 1210 24 36 1184 1350 978 766 311 1836 600 1247 1167 1470 789 695 1966 1986 775 1615 813 1594 86 1769 1374 280 306 922 1166 1496 161 1521 1386 1129 1646 1137 644 1221 173 2061 788 1151 1480 308 1037 2063 1135 1734 1492 1319 699 993 1822 1717 710 1808 1587 457 317 1125 1297 310 1428 20 1549 1202 1772 71
1587 788 6 1221 319 306 311 1133 1492 1055 1420 1585 1006 1305 795 993 173 941 1230 1279 1555 308 1234 922 1584 707 1248
1592 2772 1614 1748 1037 2472 650 1608 1024 1151 2072 2474 1137 1051 1639 11 1305 2174 1042 1142 769 899 2774 1200 2773 1549 68 996 1183 968 1210 311 177 1835
1593 319 710 1466 311 1591 177 1592 313 1385 633 722 706 941 457 981 173 1055 315 395 1357 1384 71 290 1236 308 644 1319 427 1489 922 1305 1006 46 1424 805 1127 143 1447 23 1339 707 317 1496 1167 1492 1497 1590 423 1201 176 1547 1243
1595 697 312 712 1492 59 1034 306 1386 704 106 1356 795 1305 1424 1193 1483 1279 1594 922 1006 1319 826 1097 173
1596 2983 2557 90 2925 1611 2072 2565 2950 1719 2133 1972 2982
1597 1055 1202 769 72 1555 1151 1006 813 1499 113 6 1395 791 138 1279 1492 922 1596 826 1466 1549 1377 1350
1600 1006 1599 584 1492 1305 1583 826
1603 1469 981 1236 1319 1470 1492 1142 707 1571 1604 47 971 1424 805 663 695 310 1032 311 1201 686 1496 813 998 1167 1395 1589 1006 870 1357 282 1305 1352 312 173 993 317 1034 1601 176 704 722 1549 1471 1151 712 1221 1063 1602
1604 42 457 1608 59 20 1535 712 769 826 28 1319 1127 1305 805 1583 1395 312 1357 87 173 1202 308
1608 2240 1977 2462 28 311 1836 993 1583 1221 2256 813 1098 2407 2120 1279 2072 2145 650 2156 2328 2172 2069 215 11 2375 1997 996 1948 1137 2231 1202 1319 432 1151 2085 204 28 1808 36 1267 988 1583 24 2482 2427 1756 2230 1549 2206 280 1210 2233 1521 2249 1555 1395 1352 1919 2480 766 861 2481 2093 1305 2133 1542 1469 2274 1350
1610 1381 11 1631 1608 1350 1279 1127 1253 1693 1538 904 922 1496 1613 784 1006 1594 230 1236 1487
1613 173 1608 1037 2223 1151 1868 2222 1428 2062 1919 1549 1098 1381 1803 1888 956 1006 2221 11 826 1395 996 1997 128
1618 1496 1451 1487 1447 1038 1492 1549 1241 1129 1167 1424 1319 1352 922 1236 173 1279 1278 1585 826 1617 1204 9 311 1395 1615
1619 312 826 1350 1357 1549 1279 1487 11 6 1492 1594 1428 173 1583 1615 171 1608 310 1133
1621 1808 766 941 635 1489 1701 1350 2322 1521 1571 1772 1380 2328 996 2359 72 2169 1549 1583 1031 1977 1482 1127 1230 173 2133 1614 922 2072 836 2286 2156 1395 1215 1496 1151 11 1997 2120 1639 36 1062 2241 432 1783 1985 993 1143 1820 2174 2360 2326 1492 1948 707 937 1608 546 2062
1622 1151 1696 1496 1608 1717 1993 1985 1564 1980 1594 1549 11 136 317 1352 1319 1538 941 1350 1836 1952 1919 1756 1614 826 1989 1772 1236 1991 1166 1537 1615 1202 304 1990 1585 109 1555 1357 1032 1278 1480 1855 319 1150 691 1037 290 1470 1691 1808 1988 432 993 922 1719 943 1428 180 1487 72 1621 1700 712 407 1489 457 1075 1482 766 311 784 1133 1992 1424 1838 1962 1381 1129 24 1492 308 1386 1055
1628 1615 1614 1428 1552 457 1350 215 90 1471 805 1542 1352 1800 1549 1608 154 1799 1335 1395 1667 173 1756 1566 1522 1525 1594 109 1767 432 1757 1480 1319 11
1629 1428 1594 993 407 749 12 844 769 1051 11 1487 904 1555 1608 173 1628 1279 1352
1633 3388 1466 371 922 3055 1204 1416 1504 2546 871 161 3345 1167 1820 1062 1203 2102 789 1583 3189 2707 1350 769 1925 988 1922 1278 2999 704 1631 1215 1037 2062 1795 943 457 68 3393 2065 2411 1487 2660 791 336 3028 2700 1185 960 1630 1207 74 3291 1127 1521 2692 1891 376 2510 1319 1169 1555 2688 3000 1374 3039 2272 1821 3026 3389 306 946 600 1734 3046 1972 943 1236 1247 1552 3081 1480 145 826 3053 1697 2576 2565 994 3394 2838 3144 2693 1501 2687 1492 1615 1319 784 1098 2435 2135 2003 2118 1151 2209 1549 132 3379 113 2815 1991 1615 2790 2968 704 2697 2488 2230 1749 172 1462 1051 2939 1305 2713 2900 3338 2507 1420 1166 993 1525 1504 1483 1632 2775 918 1055 173 1279 2285 2323 3352 2623 710 3020 2819 1496 2940 3031 1322 1549 24 2842 3304 1297 1462 1596 2702 996 3392 3297 311 1097 3391 1811 1428 2297 766 136 1985 1200 59 3225 2237 1259 3180 2240 1329 805 2703 2701 310 2326 3010 805 1521
1637 1991 68 1137 2719 2557 2542 2072 2237 2565 1132 1097 2740 1374 2749 993 715 1200 1638 2328 899 11 1024 72 996 2145 2748 2133 2375 2435 2472 90 2744 1583 769 1639 2473 749 122 2485 1748
1638 1571 560 1329 613 187 1356 1352 1503 1420 457 584 12 1639 312 311 1487 173 1615 249 1335 1350 28 1637 1319 852 826 1380 1279 1594 11 1055 90 695 996 171
