5412 3752 4073 4574 457 3034 2688 3035 3394 766 147 3614 5313 4487 3453 1133 4938 4355 5254 2689 3786 2790 2410 2585 1644 2440 1164 5201 2277 947 730 1814 2599 5401 4041 689 3402 5184 3787 3002 1496 3854 3922 3073 697 1915 943 4191 556 1697 2135 1847 2594 5106 2256 2246 4441 2145 4077 36 90 2369 4335 4686 3728 4310 2851 749 2510 311 178 3723 3378 737 1360 58 3321 2621 2822 2120 3439 1537 5096 5397 336 371 1888 4315 2297 2565 2210 1647 3352 2118 4353 4063 2549 5400 2811 3498 3641 5332 3010 47 1470 3449 2775 68 37 5284 1552 1799 1200 87 1097 2225 24 27 290 2231 2972 127 5189 2760 789 946 3631 3258 898 3092 2655 1374 5110 4967 3456 4964 3028 3458 103 1377 2623 4099 405 3026 5399 704 1492 2371 2504 4829 769 5190 710 1549 1701 2909 4071 4319 122 582 5200 4448 4297 2237 4948 2323 3956 727 3256 4488 1055 5006 3191 994 2958 2651 3168 825 996 5398 4400 3830
5414 5413
5415 1542 5812 5110 6236 5829 3787 3642 3641 3449 4355 5022 1098
5417 988 5416
5421 335 6072 7546 6596 5173 667 6563 3274 7598 7052 87 4441 3375 3458 7047 5822 6946 3456 6714 6068 7490 2565 6619
5423 3449 42 3786 5531 4967 600 5347 5812 825 556 319 3256 5418 5422 3498 6286 5421 3642 6287 3794 4276 1353 2790 6263 865 865 3692 5110 1166 6134 5177 4338 1151 4632 24 5390 2186 5697 825 109 1111 4441 5816 203 4036 203 2688 2660 4550 3274 2972 996 5189 5805 5419 1210 3449 4673 600 1937 5543 5022 5020 1823 3634 4310 5818 766 5179 3586 1075 5176 2660 2256 6288 4843 1879 1951 3274 5524 1169 24 5190 2655 3352 6094
5426 5176 4948
5430 68 2688 5360 759 2387 5429 147 766 1166 4036 1549 1151 3352 5151 3483 5243 3614 5020 2565 3854 4829 319 2981 3666 3449 5155 432 3728 1210 5176 4981 3191 5184 4077 5189 2485 3600 2237 789 4967 4748 3456 3404 5428 5382 2674 4550 3453 5110 5427 3835 1972 5233 5190 3032 2889 4276 4899 3457 5029 2972 4073 763
5432 3355 5002 7286 7104 3381 6941 6906 6766 2707 5582 7266 5822 3449 6624 2981 6772 2249 6323 3770 6486 3447 7285 3457 982 7287 6620 3348 2452 6618 5814 7283 4046 7284 5800 6907 5802 4967 7086 4824 6714 6615 5378 5059 4943 766 7282 2565 6994 1098 6619 7100 4437
5437 457 2688 6152 5750 5177 68 2667 5531 5934 6075 3965 6108 3641 5179 1542 3995 5153 6043 634 5932 5079 3459 6133 3642 1151 5189 4045 4632 766 3449 2258 5691 5543 6153 1133 4967 5445 3457 5696 4899
5439 766 1470 44 5998 457 5839 4673 87 5110 3641 4828 5524 6156 5177 1823 5582 4813 4045 5697 4632 3015 1972 5185 6023 4717 5022 4441 4041 6428 2249 5179 2667 5696 3642 4795 4967 3449 5644 3404 4310 5799 5079
5445 1549 5482 3813 1151 2707 4441 2485 5188 5606 5624 4600 3787 5125 4036 306 136 3786 1811 68 3015 5691 1473 4353 2988 2507 2967 2688 5263 2704 4310 766 1374 5446 4263 4045 3666 3449 4070 3854 3453 5781 1395 5179 4899 5189 1914 749 5180 4967 1701 4211 4186 4557 2851 3010 2651
5449 5446 1169 2605 87 1128 3010 2790 2667 3191 3459 5020 2655 2504 2688 5029 4899 3452 4070 5382 1697 4828 4077 3787 2135 5321 4310 3449 1097 1166 5008 3691 3835 2381 4712 3366 457 3631 2693 127 4315 5184 5079 465 4036 3032 2323 996 1847 5176 3447 1462 3498 4829 2972 5334 4718 5447 5013 3641 1470 2851 5445 5189 4353 3402 2565 1247 789 697 1972 5282 311 3666 4144 4686 5263 5123 3352 2387 1733 3456 68
5452 3192 5499 2001 5068 5050 103 1496 2369 1097 2381 4686 1374 4073 2688 996 3786 2689 4899 3787 3032 1789 4938 5020 3643 3088 3026 3641 3449 5285 5472 4564 2565 2696 2667 971 5160 3593 689 4828 3498 2765 3983 5454 4310 1549 4550 4036 4662 5500 4712
5454 3522 2565 3498 5639 3787 1814 5627 4982 5179 4662 2689 4764 950 5301 3813 3835 3641 122 5190 5188 3478 2369 4036 5479 825 5263 2831 3449 3916 996 2688 457 5531 4353 2264 3366 5180 1151 5703 5079 3786 5176 1374 5068 3614 4948 5334 5702 2135 2680 3168
5457 5691 5697 5194 5871 3787 5140 5899 5187 306 5819 5873 3315 4756 5839 5177 5110 5749
5459 5187 2972 1496 139 5199 2660 5531 5316 3479 5675 1799 5090 3015 3813 5185 4564 3519 1530 3393 4709 5106 5201 5175 2549 5217 5714 4221 3191 3345 5079 825 5524 4662 2115 2988 3390 2516 4151 1808 3658 5332 5707 3447 2102 2968 2691 4653 3641 5189 5540 5484 5711 3568 5188 5301 2371 319 5006 3624 4219 5002 5118 5712 3456 4040 3366 2118 2587 4982 4894 4814 634 5180 4795 2485 5709 4899 5713 2135 2576 4353 766 5596 3453 4355 4574 2981 2001 3796 1286 2257 4483 4099 4824 4964 5184 3854 1151 3691 2967 5150 4661 4295 2565 3995 5551 5190 87 5179 5029 4712 5454 5366 3092 4070 5181 3275 4756 2237 1549 457 5710 4036 5176 5172 2384 3028 3498 2410 3274 3614 5342 3110 5606 4547 5262 4041 3642 4967 68 4792 5620 4966 5123 2831 2688 5317 122 4948 432 2696 5589 5708 4310 950 1915 36 3666 371 2605 4988 72 4718 3916 3378 2811 5427 5171 5391 5534 3449 3452 27 4671 2707
5463 3786 3498 2145 4712 68 4717 1691 4082 2981 5264 3614 4899 4310 311 4967 5460 3402 5184 4297 5189 5176 2667 4099 4077 2135 1374 3191 1799 4550 5020 996 3447 3634 5190 3453 2972 5200 789 4974 3449 3976 457 5203 4653 5461 3666 1972 2516 3854 4144 3830 4686 5119
5465 896 6619 5103 5800 1707 6624 6907 2565 6563 6241 5796 6510 3404 7623 5173 6596 5524 7052 3381 6618 5446 7046 6245 109 5529 7378 5200 4792 1374 4948 7564 766 6665 7055 7231
5466 6918 1098 7052 7049 5079 5802 6993 6596 7280 5524 432 7391 7057 5800 6907 4792 7953 766 7021 7614 5189 2258 7598 737 5822 553 4632 2565 2658 3885 5123 4347 7047 7113 1621
5479 5981 4899 5301 5222 3830 2686 3447 5802 4045 3642 6516 766 3563 5932 395 6327 1164 3586 4967 3457 109 1207 1542 4673 5697 5582 4781 5188 3321 4813 5531 5524 5696 633 5805 6305 4764 1623 457 5185 6220 6504 6023
5482 4894 5455 4840 5855 1549 5263 2485 4600 2376 5876 2258 2384 136 2660 1542 5877 2704 3035 5874 2765 3787 5861 4353 5878 335 3333 5691 5180 5022 5193 1374 5445 5187 865 3642 5868 2760 2744 2237 4666 5873 2667 3498 5875
5484 2688 1549 4781 6909 5008 4781 4138 5313 2369 5548 1393 3794 2802 6907 6912 6905 5176 5697 457 68 5524 4310 2485 173 4099 2667 24 4846 4192 4632 5796 3238 3483 6910 4550 5002 6779 5551 4843 6906 1807 5550 3794 2135 4319 5339 3956 5468 3787 113 3586 546 5553 5485 3729 4008 5050 5485 4843 4483 1374 4221 3191 996 6243 5321 2033 4310 600 5549 1133 3568 6911 2592 722 6908 5181 4764 4632 87 6620 5173 1075 5102 4116 5549 6044 2411 3692 5552 1358 5550 3462 3666 4653 4818 6360 6004 5474
5487 2547 5110 5696 5958 5189 2988 695 5531 5591 5932 425 6116 825 5022 2790
