2955 47 937 1374 2952 2871 1767 1305 2549 2851 2371 2507 1688 2485 813 1922 1706 1267 1639 766 1285 1583 2411 266 2954 1976 1972 2557 1814 1395 2953 1705 310 2174 2237 1756 2791 2932 1549 1732 1808 2565 2474 1766 2925 1707 1284 650 2472 122 2130 2845 826 2473 634 2133 24 1135 1286 2256 1991 147 2796 59 1183 1966
2956 2925
2958 3180 3719 2842 1549 667 3479 2691 3646 2379 4065 1319 1305 172 3081 1166 2972 3028 1428 3659 3276 3641 3819 3168 2323 3748 2411 3326 3297 2356 3916 784 3812 1972 2940 2991 3291 1137 4076 2713 813 3454 1133 2651 3522 1596 4070 4144 2565 3614 2727 2593 3660 1838 291 3949 3814 2693 3568 2653 825 3024 3026 2256 4036 2585 3724 3541 2871 2689 3562 1918 2700 766 4119 1622 122 2118 988 3947 3985 2932 2967 1521 3645 2654 2746 4120 1492 3786 3394 2326 2297 1097 3451 2485 3785 3775 3787 3458 3039 4074 4128 2838 2549 3630 3033 2707 432 2618 665 3714 3635 2594 4042 2859 4037 2688 11 3375 3315 3352 2328 2719 3554 4135 2964 457 2559
2963 1814 2871 1098 1374 127 2768 311 1042 1151 766 2255 1537 2557 996 1035 813 432 2434 2646 1055 122 1267 1143 2371 2960 1705 2507 1592 2721 1837 2858 2549 2914 769 2961 1051 2186 2962 2473 2474 2133 1991 2472 1305 1463 2619 2256 1383 2565 1808 1279 1127 1395 2791 1767 315 24 395 1184 425 2541 2950 1756 83 1820 2605 1549 2135 2560 784 1922 59 854
2966 826 1756 403 854 1623 2964 1381 2485 763 2968 2416 698 1814 2118 122 1972 172 128 2565 1297 1374 59 1549 1305 2093 2967 2950 2236 1037 2117 2965 1964 2557
2968 937 311 1357 2072 2474 841 1305 2476 2559 2883 1202 1972 826 2473 2565 1128 2542 1705 2102 2630 2287 2768 996 1267 1133 2114 722 2646 2560 1814 766 2133 1062 1769 3006 1549 2967 1583 2371 1166 2237 1594 1991 2186 2416 813 122 2236 2251 2118 2947 2822 1098
2972 1814 1305 2619 2547 2560 2780 650 2646 1705 2133 766 1097 2251 1756 1291 1608 2768 1972 988 2950 1549 2485 2831 2565 826 2557 2778 2925 993 2299 59 275 2840 2970 2969 2093
2973 3523 2699 2972 3144 2940 2237 3291 3528 1428 2688 2674 2326 2618 311 68 3555 2658 2651 2507 1279 1701 2706 813 1522 1098 766 1367 2747 856 1967 3404 3624 1795 3352 2693 3010 2003 2290 172 2713 457 784 3018 1847 879 2842 1305 3024 1549 2724 2356 2700 405 3611 2576 2790 2565 2371 1951 1166 1542 3056 3026 2665 988 3480 3562 306 2740 2328 3470
2974 2975 2976 2565
2977 2950 59 407 2557 650 127 1919 2702 2251 1024 826 2974 1305 2118 2168 1374 2940 2925 2565 763 1756 2186
2979 826 122 2565 2923 2925 59 157 2186 2557 2608
2981 1522 2974 795 2564 2379 2535 3646 3785 3451 4039 2967 2688 1305 3352 2655 2964 4020 813 2872 3724 2328 3568 2258 3454 3373 1133 11 1608 3615 2565 4036 1814 4119 4042 1549 3571 2972 3479 3512 766 122 2707 4065 2145 3814 1701 3624 3920 2326 2871 3567 311 3666 3812 3682 4070 2651 2700 1496 1492 1972 1236 2713 3073 2859
2991 3070 2565 2993 2193 1749 2417 3047 89 1583 3006
2993 2965 2991 1305 2565 2992
2999 2557 328 2133 1385 3012 2256 826 2768 2473 1972 2371 2186 2476 1236 2114 2560 24 766 2118 1608 2936 2255 3013 2904 1305 2838 813 2510 1151 3010 2299 2950 275 1522 2072 311 2523 1717 2237 2472 1705 1267 346 2565 1814 457 988 3006 2871 1291 2251 127 1549
3000 5524 7239 6907 6941 7055 4310 3381 4764 5804 5531 4632 2658 7231 7279 7054 5445 4036 5800 7057 5179 6624 766 2565 1691 7426
3002 2693 2708 4046 3796 3350 3458 3641 1247 4725 5038 3660 173 4992 4741 2609 1151 1166 3056 4899 5039 2065 2549 3402 1922 2658 600 4746 2707 766 4045 3457 432 2967 5040 4116 4441 1204 3655 3479 11 4818 3073 2935 4219 4065 3455 3614 1803 3191 4967 2972 3603 4974 1835 4948 2145 3449 1701 769 2502 4937 1133 3453 1470 2565 2369 4688 2688 98 2504 4973
3005 2688 2297 2700 988 2747 1062 2290 1382 3630 3352 3458 3541 1279 2657 2659 3386 2360 3523 2651 1428 1098 2145 2510 1236 2576 2252 3611 1980 3142 308 2653 3525 1305 290 1549 2654 3718 1972 3380 2871 1297 2326 166 3479 2913 974 2256 3032 2379 3034 546 2549 2660 3394 2240 2940 1918 2548 2356 1470 1783 3477 2585 1585 3024 813 1151 136 2507 2842 1134 1320 586 2872 2594 2565 2790 3055 2328 1241 1319 1055 3375 1538 1537 3031 3010 1521 3562 2376 2693 3125 947 922 1492 193 1259 2411 11 2230 3039 3088 766 2116 1622 2365 1374 3084 3209 3521 2958 306 2697 3304 2658 3719 417 3343 2323 15 1285 313 1647 2237 2485 704 2967 3658 1034 1496 3258 2713
3007 722 3527 2700 2706 3519 1166 3010 2565 3635 122 1717 3798 449 2440 2686 311 988 2549 2225 2967 3297 3480 3168 1990 3352 3842 2792 3541 3615 3787 1221 1550 2326 3172 2356 2109 2653 11 2384 3276 1305 3057 1922 3799 3647 1496 1972 2114 2651 3028 2485 1542 2747 2062 3631 2713 3821 2371 2727 2381 784 2693 3624 2688 1549 3750 2290 2674 3026 3661 2654
3009 1024 2365 667 2693 3439 3028 1285 2560 2326 805 2790 2688 600 838 2599 311 3513 3055 2653 1305 1549 988 1151 1748 127 2485 3010 3479 3555 2651 2290 2940 2565 3554 3352 1972 2713 2297 1279 2842 2967 3252 172 1390 766 3379 2686 2504 2699 3056
3010 1549 2328 2135 3568 2747 1305 3629 3404 2237 2842 2326 3523 2693 3477 2658 2497 3715 539 180 3597 3304 2689 2660 3527 2290 988 2967 2871 11 449 3717 2651 122 2688 2700 3055 766 457 2654 2485 3394 1951 3714 2565
3014 4442 2660 3641 4430 3447 4582 4588 4448 2240 4152 2967 2688 2328 1521 4273 2691 4221 1097 4073 2693 879 3456 2411 4127 663 1133 3449 3591 3450 4616 2237 3787 3976 993 1291 2297 3291 4547 3463 4219 3839 4615 1918 3026 291 3366 4044 3394 3402 784 1319 2387 1813 2062 3034 3796 4617 3276 766 4618 2557 2727 3830 1542 1037 2983
3015 5531 4353 4967 3568 5445 4994 5543 4712 2851 6043 5123 1733 4041 3995 2688 3274 3498 6075 3459 4045 5079 5691 3449 6020 5185 5446 306 4964 5524 6156 59 2707 5630 1000 5796 5022 766 4065 5818 4948 1542 5739 2667 3447 4924 5189 3258 5582 4894 2507
3018 556 3400 3401 172 203 3397 2215 1925 3304 2502 2860 3046 2699 68 1202 842 3402 2368 2693 3395 3396 3398 3399 2488 1305 1098 2065 2908 2565
3020 784 2251 1497 2686 2651 2326 457 2923 2236 3256 2707 1210 1749 2225 172 2703 2912 2688 2504 1492 2332 407 1097 3123 2240 1360 3168 988 2297 2135 3006 2209 3288 2323 2558 3015 1795 3225 2565 3032 2485 1390 2660 1487 1506 2842 2365 1356 2696 2698 425
3021 2368 2171 3144 3300 1428 2565 2326 3346 1305 2693 2964 1221 1062 1200 2576 2700 1608 2651 2696 1319 3006 2703 3000 2237 2883 2686 2186 3345 2790 826 766 2542 2912 1166 306 3040 1896 3256 1922 2507 3297 988 2713 1487 2688 3037 68 3073 3020 1291 3276
3024 2549 2398 3956 3643 3477 2871 2240 3562 3666 2129 2474 3005 3192 1922 2518 2411 2707 3802 2307 2689 2747 3175 2699 2651 2356 2623 3842 3815 1772 3952 3615 1521 2713 3352 3806 1813 825 2237 1297 3026 3528 2485 3953 2145 3252 3954 988 3519 2290 122 1151 2859 1221 3854 3661 2700 3284 3033 1319 2697 3010 1972 2688 2376 2297 1537 2328 3555 3682 1305 2790 1744 2565 432 3055 3919 3647 3527 68 2872 2674 3057 3392 3775 3630 2326 1062 827 3744 3622 1032 3812 1549 3641 11 3955 2560 3317 3276 2585 2842 813 2653 3624
3026 2747 2688 3458 2371 1062 3028 2328 3527 3724 3055 1912 3032 879 3615 2326 2696 2940 3748 2440 3876 3084 813 1296 3863 1381 3576 2003 2923 3033 1395 2700 3597 1549 2967 2398 2016 2713 3059 3754 2356 3439 2545 3276 2968 2516 3881 3192 2252 3639 1542 2699 2653 988 1166 3641 2651 3144 1137 2989 3352 3375 42 3666 2114 2299 2237 2871 3175 836 3661 2565 3010 1922 1972 2674 2475 2129 147 3519 3631 1151 3541 1566 2593 3483 68 3301 2988 383 3555 1701 3659 3709 1813 1748 946 2485 11 2697 2297 3785 3624 3622 3508 432 3854 822 2654 825 3443
3027 2867 5360 4726 168 5439 4036 3092 3191 5233 4974 5203 4948 3641 4550 1972 5190 5020 5013 20 5438 766 1210 996 5313 3479 5184 3449 4310 1769 4276 3459 5386 1151 5243 4077 3366 5009 90 5382 2215 5029 5344 5263 3404 2889 2972 2660 5440 5391 4967 3614 2688 5118 71 3453 3352 432 3029 5437 3601 3447 5320 3965 3456 3394 4353 3402 1097 2410 1537 3026 4151 5436 4899 2485 1132 3457 1542 1549 3350 3463 87 4829 2565 2564 789 5189 5176 3032
3028 3766 2686 2256 127 2653 3350 310 3659 2790 68 2237 3144 2323 3188 3276 3633 2940 3199 2713 2585 1922 3519 1305 1808 3026 704 24 2872 2969 3055 2542 3557 2326 2727 3172 2114 2688 2328 2651 3799 1151 3110 2700 11 3527 3800 2411 3482 1549 3386 3751 2871 2485 3454 3010 3343 2842 1167 3469 2356 2923 3622 2972 44 3647 3127 3457 2932 3541 3252 988 2384 1813 2859 122 3665 3352 1972 2565 2298 2365 3798 2619 879 825
3029 2565 1972 2646 1395 2832 2093 2559 1922 2474 1705 2072 2995 813 2186 2871 1305 841 1717 2815 1419 2485 1701 2411 2967 2416 2371 988 1608 3027 996 2651 2549 2541 2617 2822 3026 2605 2674 826 3028 2476 2114 3024 1098 2237 1062 1024 1980 122 766 3006 2473 2133 1767 1814 1875 1549 319 2947 722
3030 1062 3272 988 1236 3260 3333 1749 2174 1972 2693 2708 2510 2698 2240 1305 3041 3020 2660 1783 2565 2790 2435 3006 2700 1204 1487 2231 784 3331 2236 2326 2618 2692 1564 2594 2585 2651 1098 2697 172 2365 3332 3334 1608 1097 2111 2713 3005 856 2256 1549 2688 2411 2299 3010 1922
3033 1749 2605 1537 1549 3010 1267 2297 2135 319 600 2704 1305 1097 2688 2507 1200 1202 432 2964 2237 1919 2871 1428 2356 1167 1492 3047 2707 2476 1691 1357 1098 1319 2549 3062 2909 2473 722 1814 1395 1024 988 2009 766 1566 2371 2576 2230 2822 2948 311 1166 1767 3059 1151 1137 3026 2072 1496 2236 3056 3060 2474 2233 1062 2912 1253 1837 106 2565 813 3061 1705 826
