6151 7055 6150 4981 36 5104 6443 7052 1166 5915 7231 7766 7614 7049 6624 766 311 3291 4310 5053 5531 6068 7695 1722 4795 5802 5691 2667 2485 5524 3032 2658 4948 5553 4483 173 6128 7057 1691 6596 6993 1374 4441 5022 3310 1811 7280 3642 7047 1098 5179 4632 686 7679 2565 2410 7598 1151
6156 5430 6676 6673 311 5584 5179 6217 4310 5173 6314 5814 6605 5404 2535 737 457 5697 5532 6006 6679 109 4829 6672 5178 5079 3642 5276 6671 6674 6331 6223 166 5802 2276 4045 3032 3787 5862 5934 6545 5524 5531 3813 3601 6675 1074 5800 5714 4488 3965 5185 6678 1151 2369 2688 6305 143 4632 6467 4967 3381 6443 6483 5810 5439 6677 68 5796 766 467 1166 5188 4673 1701
6161 5630 5812 5022 5487 3642 5696
6164 5177 4653 5022 5630 3449 5171
6166 2972 59 4632 5196 4151 6156 5630 1151 6068 1542 5543 5582 2667 6165 2369 5934 5787 4483 766 3642 4045 816 1133 5177 2145 457 4967 6020 5189 2688 5487 3449 5524
6170 4273 6299 5582 1074 5524 5022 4967 5697 6305 5179 457 4829 1098 3642 737 5802 5178 2972 6447 6219 3381 5079 3032 11 5612 5531 6359 5185 766 1823 1267 5188 6488
6174 5822 7520 5524 4331 6596 109 2576 87 5096 4347 6068 5802 5800 7086 6624 766 2565 4632 7052 7769 4441 2658 7231 1374 7588 5072 7770 7768 3965 335 7057 6993 7614 1151 7047
6198 6615 6772 6560 29 6991 6299 2565 5002
6218 5531 5697 6371 6024 6339 5582 3634 6023 5028 5796 5589 6360 5591 2135 4795 3032 5022 4673 3381 5809 3642 3449 6232 825 5812 4632 6305 6156 5189 5185 457 2376 4967 6299
6221 5630 5185 5079 5179 6156 1166 6666 6305 5188 4717 5800 5524 3642 4483 3381 5697 1701 5002 1762 336 5171 6665 457 4764 6359 1799 4144 6503 6552 5177 737 2467 6626 5582 5814 766 5816 1796 3459 4967 1074 2145 2688
6225 6225
6226 1803
6227 5106 3478 5773 395 47 6619 1720 432 6229 6620 6926 457 3586 6 2565 3641 2369 5923 2485 1931 6577 3381 5185 6305 6359 5543 5103 4967 5102 5857 3571 5796 1395 2765 634 2322 6927 5188 6649 1286 3658 3614 1688 5800 1722 1542 5697 737 2688 4632 5524 6625 766 5802
6229 4764 2688 4600 4036 6108 5020 1395 5179 6126 6213 20 837 3614 4967 2704 1542 3449 72 5189 5696 2744 4353 766 2485 5185 5125 5482 5022 457 5532 4970 6227 5177 1133 2667 6228 6094 3641 3642 4045
