6806 5173
6809 1762 6772 6510 6807
6832 6914 5246 2452 1796 5185 7329 2909 2851 6774 6555 6123 7335 5423 6772 5802 5173 7278 737 6560 6486 7347 6895 6595 2240 2988 457 4717 7348 3459 6518 6032 5479 4828 3794 5188 5106 3453 1166 6913 6934 6618 7061 1542 6327 4764 7020 3562 7354 5189 6789 6907 4065 3586 72 5166 3642 3381 3792 6906 6198 3447 3456 6323 6494 6624 7355 103 766 6004 5217 7188 5811 5822 1063 1549 7294 6241 4792 6151 6736 4974 109 6671 68 5800 2328 5932 6714 1151 7352 6174 5053 6552 4943 2186 5524 3000 5871 7092 5796 3965 7350 5215 4767 2299 7351 7052 5454 5103 2565 7349 948 7131 5760 5002 2677 7241 6316 6272 6299 6097 4994 5655 4455 7129 6865 6270 6523 6280 7327 5179 7343 432 7063 6855 5543 6620 7301 4169 425 742 6736 6615 5531 5079 5814 5196 434 6563 6619 5816 7121 6443 2485 7353 6243 6510 4899 5254 2774 4310 7132 7317 3813 6845
6833 6736 6835 6771 1032 3057 6658 6522 5552 173 5739 6834 3691 5655 5079 72 24 5103 5531 5430 1385 5456 1473 6714 1835 2689 5022 6726 5532 1133 6190 6229 637 425 2264 6665 3786 3457 5332 5714 2660 3084 5811 1762 3238 3813 6494 4266 4338 600 3032 2502 2564 2620 259 3607 5524 4451 6627 6299 6829 6377 5188 4712 5489 6510 6615 2565 5582 6836 1037 1701 2790
6840 457 6526 5254
6850 5531 4828 5524 6846 6510 2620 2851 5811 1762 6845 6847 5022 5773 6398 6736 6377
6855 425 1098 4712 5811 5022 6846 5692 6619 5179 6377 3381 5188 5189 6649 5079 6443 3576 166 2972 5524 3642 2693 6522 4828 5439 2145 6169 5934 5582 5814 6854 5824 5009 5812 136 5822 6615 1374 3641 5817 5543 2565 5773 6305 5185 3525 5531 6784 6359 2688 5697
6860 4712 5796 766 6649 6784 5811 6620 3381 5188 6736 6846 5800 5254 6359 5301 5802 4310 3969 5697 5452 1210 3439 5630 3642 2972 109 5531 5185 1098 6859 1823 319 457 4632 6241 1074 5543 4967 5179 6563 6618 3641 6494 5022 6305 4828 2565 5524 5553
6869 5818 6522 6346 3381 4828 6726 3641 3084 5048 6615 634 6323 5531 5822 4326 6870 3449 4310 6270 6488 6458 2660 1241 4793 5811 5934 1151 4994 5739 2693 5543 24 1701 6736 6649 5802 4036 395 4792 5796 5810 3587 5552 5697 6320 3456 766 5185 2688 457 2790 6398 5814 4221 4967 2565 3642 5489 3459 6865 1982 6717 3015 5103 5532 2972 1074 5524 6848 3982 6359 5800 5188
6873 4192 2660 1074 457 6736 6320 5818 4483 6870 2688 697 2565 5543 6327 6270 6649 5697 6563 5802 6486 766 6522 1151 3447 3381 4967 6488 4829 5188 5524 6615 6494 5773 5800 3642 5185 6620 6359
6875 3571 737 8166 7280 2369 4948 432 2565 2485 8167 5872 7677 7241 6596 3453 8036 7933 7052 7901 5106 4224 5103 2851 5802 7885 457 1284 5738 5102 4632 1374 3142 5796 6032 5818 7902 8060 7679 47 3586 6907 5524 7682 7086 7774 5857 6068 3614 935 7057 6305 7405 3634 3798 163 1286 7047 7810 5922
