2297 1521 3383 1210 2009 988 1583 2686 1951 2713 3385 2474 2381 1496 2654 1972 3352 2871 383 2326 3304 2940 311 2693 2842 3377 2898 784 3384 3107 2237 1794 2547 1614 3028 3010 2727 1390 2967 805 2565 1835 2657 1291 1305 3009 36 813 1608 1522 2062 2497 2365 3005 2658 2145 2504 1098 2542 1151 1419 2703 3379 1395 1297 2485 2502 1497 3381 3276 3148 1166 546 310 2791 2674 172 1200 3345 2290 2700 2328 3262 2323 2775 854 3033 1808 766 879 308 3378 1820 3180 1549 2968 3380 2790 3192 600 2688 3382 2398 2951
2305 2304
2307 3895 3641 1319 2713 2923 3659 2688 2326 3896 2411 3024 172 3026
2322 2651 2472 1918 2594 1741 2299 2473 2822 2815 311 2050 310 2593 1991 2790 826 2683 1319 1885 2085 2083 1549 949 1184 1820 1922 764 949 2256 1621 1390 2608 1492 2133 1835 1621 986 1200 128 2135 1492 1098 2555 1783 2062 2557 988 275 1684 647 1395 1135 813 2072 766 1062 2546 2328 2249 2240 1210 1151 2507 122 2169 1608 1700 1705 1305 708 2474 2565 2665 1374 1549 1350
2323 1730 2338 2815 1553 1151 2145 2504 1691 2999 1549 2683 2135 3004 259 1305 275 813 3002 1820 852 2998 727 1419 2958 2612 1111 127 600 2768 24 826 1835 2872 2476 2485 1608 2072 2508 2255 1583 1374 1552 769 2950 2883 2371 356 2578 988 2472 650 2565 2605 1465 2102 993 2617 2774 3001 1207 187 1055 1135 2541 2542 2830 1985 3000 3003 2381 2660 2118 1623 1888 2225 1814 2416 2697 2236 2133 1390 1215 407 2560 1297 2557 996 308 2502 2611 3005 1705 2093 865 172 1972 2822 3006 2246 1500 1037 2323 1097
2324 3523 306 3392 3468 1549 1305 2693 3394 2564 3482 1896 2118 1166 2657 2713 2290 2559 2576 2691 993 2842 53 3567 813 3611 2651 3654 2704 383 1221 2135 2507 3439 3380 457 1496 3010 1795 3481 2940 1151 1367 2328 996 749 2658 2326 1972 2700 3402 1847 3655 2623 2237 1210 2565 3404 1247 3252 3555 1428 172 2688 3180 1951 2674 3653 2660 2654 3352 20 1006 988 1990 3026 3144 2995 766 663 2356 2371 3587 3601 1794 2560 2790
2325 3125 2690 376 2547 2062 1596 1374 1204 2692 2912 1390 2326 1487 2507 988 1608 2411 766 1305 2689 310 180 826 1922 2688 2236 2940 3290 2700 2686 2704 3006 2698 3323 2703 172 3322 2706 2713 2003 3010 2871 2485 2695 2696 2967 2667 784 2707 2240 3192 3072 3020 68 3321 2319 2565 2660 1368 1972 2699 2701
2326 2398 2790 4688 1549 3455 2699 3641 3010 2688 3666 3460 4647 2967 4756 4774 4564 2697 3787 3291 3394 3028 3447 4588 291 3457 4223 3032 2658 4124
2328 3519 2144 1097 1608 3375 1133 4065 2264 766 3394 1691 2134 3980 3607 4130 2488 600 308 4137 4143 1701 2595 1062 1248 2510 4147 2145 3352 3039 1566 1661 4131 635 4121 3568 3015 2700 3456 3373 4139 2981 3682 1236 1614 3366 4123 856 1357 2707 1667 4136 2135 2871 1428 1211 3454 3009 2923 3488 306 2831 3032 994 2129 24 3661 3276 4150 3614 2542 1466 2544 3965 3645 974 1470 913 3787 3148 3026 4128 2009 764 3317 4135 4120 1166 182 3020 2691 4146 2660 1608 3631 3555 2651 3380 4076 4144 2485 769 4134 2102 3452 1697 3635 4140 3521 1151 2746 1521 3928 3168 1730 1549 2686 4149 1395 2062 2547 1985 1137 3034 4020 2365 2504 2693 3916 4124 1009 291 1848 2118 2988 3512 634 1319 2356 3059 1193 11 2258 4138 3752 4122 2774 1925 2240 2160 2719 1462 3641 2972 2727 3443 3729 2585 2384 4151 2619 4125 2747 2923 2697 89 4142 879 3028 4148 1820 3145 3597 1000 3258 2653 2688 4152 3225 1596 3615 986 3798 4154 988 2696 3033 457 2593 1711 3854 1522 3969 2859 68 1142 3180 3110 3447 2120 1622 2326 2967 3479 3479 2932 2379 4132 813 173 3839 2775 1165 2237 3724 695 4141 3917 1492 4074 3522 784 36 1496 1065 3872 2297 3562 2298 2225 2565 2958 2474 946 2299 1734 1247 71 3666 993 4126 3313 4153 3658 1808 3291 4077 1717 1767 749 4127 2091 3973 2485 825 4145 4133 2174 1947 1032 3571 4129 1621 2713 2065
2329 2156 1151 1062 1565 2169 173 2274 854 2133 1749 24 1585 1549 1980 2256 996 1621 1395 308 11 36 993 1466 2062 2326 1772 1522 1888 1977 334 143 432 813 182 1608 2328 1335 2120
2332 996 1811 215 1977 2274 2118 2233 11 1098 2085 944 2251 1997 2328 2133 1756 1151 1644 1000 2174 2393 650 1603
2333 2330 1064 1428 2120 1561 1542 1133 2255 173 1151 1772 1062 1166 2297 432 2332 1908 1608 1395 1230 689 11 941 1549 1820 2062 996 946 1506 2331 722 650
2338 1166 2118 1259 3199 2692 2565 3144 2707 1374 172 2940 982 2585 2504 1749 1549 2209 826 2686 2700 1820 766 1305 2651 1972 2003 1487 1098 2326 2687 2703 3304 3297 2297 1980 1236 1419 2688 2576 2953 988 3390 3026 3433 784 2713 2546 2249 3352 3252
2339 1055 113 996 14 650 2336 1717 1037 308 1522 2335 1772 1608 11 2062 2334 154 1888 2326 1977 816 1031 710 730 1730 2069 1066 371 20 2337 173 2174 1646 1549
2340 826 2557
2341 1608 1035 1980 143 1888 310 2256 2328 993 956 2133 173 826 1772 1623 1098 315 635 1492 1151 2062 1521 24 2326 1166 1279 2340 11 1062 704 2038 946 1395 1977 311 986 1006 789 1549 2240 1621
2342 4527
2345 11 1623 1896 1279 173 1608 2328 2118 59 308 647 58 993 784 2343 996 1919 1754 172 2342 588 2133 1210 44 2344 1151 2233
2348 1542 1127 647 1896 904 996 31 784 1608 1614 173 1441 2099 172
2350 2062 2255 1035 2328 1151 2109 1615 173 2322 2120 2038 2326 1888 2349 1549 11 457 647 1127 2133 1608
2354 3026 1734
2356 3297 1487 2406 2229 826 3291 3258 2236 3010 784 2851 2696 2703 766 457 1922 2912 3325 1395 1203 2674 3144 2967 2559 2698 1972 1215 988 2713 3310 172 2701 2660 2145 2565 2542 1608 2704 1549 2690 996 3072 3326 2688 2507 2707 3006 2686 3020 2240 2326 2842 1221
2362 2361
2364 4428 3366 3456 4967 5068 4536 3614 4748 4044 4829 4563 3455 4070 3390 4976 4036 2565 2972 1166 1470 4045 2369 4824 4355 766 3631 1133 2658 3447 2688 3402 5067 3073 879 4315 4124 4948 3854 1733 5039 3002 1204 663 3796 789 1210 2871 2967 3522 4947 11 4509 3956 3479 457 4818 2145 3453 3976 3457 2117 2289 4814 1795 2707 3256 4483 4894 4712 4077 4899 1922 4441 1542 2504 4219 2485 4964
2365 2648
2366 1169 1097 1305 1820 457 2608 2672
2369 3092 4756 4127 3456 5110 5008 406 3110 4948 5217 3631 27 4686 4726 3447 2688 5140 5152 3666 2565 4219 3601 3449 5006 4977 4964 5079 3787 4295 697 2972 335 265
2371 3041 3033 2871 68 1357 3062 1381 2016 2510 2967 1305 2550 3095 1811 2948 1608 3175 1424 1378 1566 2619 826 822 2704 766 2987 2473 2547 3059 3020 2701 3098 2833 3172 2989 2485 3176 1967 1769 24 2693 2565 1549 996 1922 1137 2653 3087 147 2384 1837 3173 1200 2654 2474 122 3031 59 2549 1267 988 1585 2655 2688 3072 1457 1972 2674 1166 3026 319 813 3006 1707 2953 2912 3090 1279 3144 3028 3174 2160 2986
2375 1922 1521 1473 841 2473 996 2565 2768 1794 1549 763 2704 722 2923 2227 1705 2117 2507 2230 1991 766 2791 2623 122 813 2651 2371 1964 2411 1306 2918 24 2576 1980 826 2592 2474 1184 2133 2130 2618 2924 2840 1098 1594 2612 2256 1166 1374 2913 2792 2135 2145 310 1200 432 2416 59 2186 2472 2485 587 1808 346
