739 403 306 728 615 636 324 25 647 10 734 663 308 231 731 371 727 730 325 600 232 6 8 103 493 735 29 280 310 319 729 17 75 28 177 80 732 726 564 24 733 254 513 11 179 312 255 51 55
741 11 11 139 457
742 1023 769 956 600 967 126 637 788 324 232 304 311 315 697 306 796 707 168 994 1035 310 317 816 173 312 24
743 27 42 730 11 28 312 688 432 157 10 255 306 172 139 663
744 2328 1756 172 11
746 324 319 27 236 383 255 339 237 745 744 600 604 306 643 633 10 28 308 103 11 138 722 371 312 20 663 263 80
748 139 306 706 560 265 10 650 310 255 27 697 12 722 11 28 42 738
749 804 633 312 782 46 255 306 769 20 689 664 310 805 74 766 801 49 643 674 639 11 600 789 16 8 138 725 315 151 90 319 432 236 501 730
750 600 308 749 24 615 663 56 28 154 306 90 312 17 10 51 730 339 321 182 86 643 11 636 560 745
756 101 179 371 643 231 684 310 139 90 564 28 41 406 57 126 132 72 67 26 24 10 15 11 192 254 75 751 8 29 42 204 87 695 752 726 753 94 157 306 89 20 39 352 66
760 759 11 201 722 139 21 758 310 560 600 23 255 187 615 633 639 24 306 663 677 8 10
761 90 1055 826 695 922 1608 1420 1133 788 47 136 1166 1783 1986 1352 172 29 101 6 921 304 1420 1549 304 978 1151 1997 187 1847 870 1838 1211 1441 2161 1129 128 639 546 87 1133 313 663 11 87 993 2062 101 86 659 1129 2163 1615
762 2416 3443 2765 3168 1051 1055 2968 1279 4486 1167 1608 4448 600 1820 4222 1360 339 1211 993 2326 1006 1808 1374 2237 2236 3723 1166 4433 1697 1754 2547 1594 1380 3787 1549 2003 707 742 1373 3168 3660 2859 2364 36 1644 1210 1767 4127 994 2504 4343 1537 2790 3006 1374 1290 1470 1142 695 1549 996 1979 317 2871 2565 1542 4415 1814 1583 1156 2655 3541 37 1166 2135 2379 637 87 127 1390 946 24 974 311 371 946 1730 789 68 1463 3728 4491 861 2110 2655 2237 263 1644 3976 2549 759 852 928 113 722 1468 87 2967 1247 644 2658 4490 1717 4219 308 2651 282 742 1717 1279 1055 3607 3352 1754 2968 852 3378 11 1700 56 2822 157 3639 663 49 2696 457 1820 1215 171 172 2541 546 1097 2474 988 4488 371 1279 11 1319 2599 1700 2948 646 3631 4371 1985 2135 695 788 3028 1006 1985 1043 407 1522 2375 1133 3325 2485 2974 1891 4144 3032 311 1193 1384 457 313 157 4489 1537 971 3032 1297 1235 546 788 4076 1803 922 1097 650 15 143 3843 1210 4072 2565 2258 704 306 1185 3417 2660
763 457 1137 310 1386 600 1473 1480 1614 1594 59 904 1549 1496 918 255 1823 1210 24 304 1897 816 1522 1487 1772 1360 1756 759 1525 1062 1613 285 813 1151 1608 722 1043 11 1395 1352 1887 1075 407 546 1267 1230 1166 173 836 1236 1615 1492 1350 922 1261
764 947 1868 1098 1151 1496 1166 457 956 1918 546 2225 2236 1210 2120 1992 708 1549 1062 2118 1319 2128 1492 1919 173 1734 1997 1564 2062 2001 1772 1783 11 1838 1888 996 1583
765 1919 841 706 1184 1769 763 319 704 826 1151 290 2740 1374 2061 315 2612 1463 2510 2375 2719 12 784 21 2765 575 2792 2826 1247 306 946 2485 1608 122 2550 2555 1286 1221 2576 836 255 2118 1166 1964 346 1305 956 2474 1496 2133 1428 1000 2593 87 1705 2557 2802 2565 2257 311 2542 2608 1808 2646 2120 2472 310 2507 2578 2256 2328 996 1210 2473 1135 2559 2758 2822 993 1991 722 20 1885 1823 432 2617 237 766 1062 1549 255 1200 2596 2119 2827 319 650
769 1045 312 356 600 802 1048 321 1049 789 695 722 400 311 1044 791 1046 788 317 1013 173 710 911 310 1043 663 707 432 1042 24 74 259 145 348 553 1047 926 742 686 556 759 633
771 1542 1540 1279 173 1362 1510 1483 1506 11 1497 1386 283 1541
778 3648 620
779 315 635 80 187 310 6 39 255 650 11 8 10
784 1060 74 816 710 956 1059 707 66 970 871 215 249 311 708 310 1058 55 312 125
789 722 317 985 226 637 1004 759 371 749 47 805 499 823 993 79 706 663 126 80 986 280 304 334 999 784 376 795 984 255 1003 762 74 110 697 457 794 695 173 998 16 319 911 312 766 1000 310 708 1001 6 583 311 971 704 853 633 71 742 725 981 29 324 28 168 1002 57 269 328 994 87 166 710 308
791 986 11 1259 1221
793 39 55 791 11 78 139
794 306 72 649 173 895 147 110 982 312 280 791 21 885 650 789 663 707 317 310 971 587 992 86 911 639 74 795 697 600 844 23
795 707 280 317 937 313 789 311 933 710 55 154 794 306 712 911 312 304 844 86 705
797 1635 14 1634
798 649 178 689 796 614 315 782 663 306 28 749 6 432 80 255 797 147 138 789 650 312 11 310 319 633 8 772 643 600
802 241 21 800 315 801 799 432 72 8 11 782 769 312 276 6 139 626 191
803 1221 259 11 707 1111 706 556 635 1062 173 319 634 171 922 312 35 339 1305 686 626 74 715 20 545 601 600 1210 24 1204 1006
805 994 960 844 971 1006 1246 1244 1138 11 1247 769 173 317 1167 143 986 686 1097 749 993 312 1245 127 810 1135 311 1125 813 704 871 310 1133 12 1195 182 978 176 319
806 650 312 151 807 11 74 636 310 139 53 138 803 224
810 838 304 1293 1160 646 1167 457 1305 42 12 29 784 742 311 879 306
813 1565 1319 1279 308 1381 1137 722 1129 993 24 312 707 1566 1483 128 280 1555 310 1135 1306 1296 317 1442 319 1386 36 1006 805 822 695 1457 634 173 432 6 1357 102 769 996 1305
817 697 797 691 321 308 79 310 11 24 639 814 650 74 376 501 791 432 280 706 772 742 324 42 319 8 315 348 812 811 312 456 269 645 201 763 722 789 339 728 677 816 259 387 306 815 138 57 633 626 810 782 80 173 556 749 36 255 48 16 813 766 178 663 769 600 143
