656 130 110 6 564 80 87 47 193 635 414 103 231 236 127 306 138 94 36 57 340 282 654 255 633 366 642 653 556 8 615 23 14 42 17 343 51 182 152 132 275 20 10 27 651 319 28 46 312 135 29 652 21 37
657 312 592 642 231 650 80 8 130 556 615 103 275 187 10 21 255 20
658 42 10 20 205 17 371 405 9 364 556 80 87 312 11 662 28 661 187 255 8
659 8 10 315 762 635 306 305 166 306 556 29 6 310 782 339 11 151 6 72 255 138 556 255 25 319 11 766 319 614 6 742 759 766 762 11 39 614 166 39 346 371 339 803 645 8 10
663 697 636 971 157 994 308 742 706 853 24 215 340 36 956 317 707 1133 457 784 1022 704 982 844 710 168 12 1003 138 993 762 1125 1146 1062 1032 946 789 998 1114 686 311 1147 315 960
664 98 21 104 282 371 432 275 23 10 49 8 663 11 9 501 80 312 47 615 306 187 48 27 658 46
665 826 1751 2029 1328 1927 2031 1086 266 232 932 173 1614 2020 6 8 1267 1340 1132 1717 2011 36 10 2017 2027 2026 2035 2013 666 836 2023 310 698 1428 2019 1967 1919 432 2016 110 2030 1525 74 29 2014 1127 2010 2034 2033 931 1997 784 1608 152 2021 2012 2008 2036 667 2037 14 2015 2032 2018 2025 556 2038 918 1336 2024
667 110 17 27 36 152 20 11 23 103 280 663 306 10 15 665 28 586 8 25 72 24 182 275 658 650 29 47 255 556 87 312 104 666 406 21
668 12 29 11 10 8 639 255 615 111 138 312 6 406 339 27 556
670 364 29 406 312
673 11 591 339 6 672 26 407 781 564 11 312 643 55 306 312 26 766 319 28 789 704 231 315 25 586 255 319 8 27 574 255 620 618 782 166 178 29 138 626 308 179
674 311 705 639 310 8 870 11 86 853 23 312 869 29
675 556 615 26 265 12 663 282 11 28 319 406 47 25 57 20 17 312 306 80 10 255 8 432 339 674
677 306 315 600 11 161 105 644 255 11 12 615 280 823 255 177 650 406 254 310 29 312 265 405 663 177 312 317 180 371 20 824 12 8 782 164
681 103 10 27 36 80 312 24 255 20 41 412 406 26 306 46 28 11 138 29 8 139 201
682 940 310 306 941 312 650
684 26 682 663 306 615 27 236 29 406 215 80 312 11
686 823 348 400 1074 312 556 1037 634 371 998 872 209 1075 956 231 317 641 1006 310 710
691 813 1129 312 1492 173 697 1319 941 922 695 762 1605 1055 432 1305 1538 6
694 693
696 981 1125 896 457 1126 407 126 86 24 157 956 304 663 55 708 994 1124 317 730 707 960 25 1006 697 998 209 691 321 350 788 312 87 639
697 993 1027 308 823 981 126 311 405 313 280 79 663 312 1050 967 55 998 707 36 143 960 1024 994 789 457 556 20 634 784 1055 376 310 157 348 788 407 432 742 334 317 749 269 911 173 306 24 1028 762 710 209 956 12 255 946 941 871 947 853
700 10 249 265 11 27 29 6 103 127 306 20 23 432 650 142 312 615 663 68 77
704 306 312 371 147 633 984 663 311 79 334 759 143 501 6 20 178 587 730 317 762 313 933 319 813 310 795 269 36 907 911 304 986 810 981 946 87 697 29 173 784 125 805 47 321 348 742 635 308 600 789 157 324 985 46 710
705 784 1062 11 784 11 1114 982 1114 311 201 312 1062 789
706 201 766 312 319 20 71 24 11 8 633 39 339 187 645 306 25 23 12 728 10 255 600 376 254
707 742 994 710 769 861 663 1009 457 1062 317 1038 306 788 151 311 310 157 36 946 626 708 784 308 312 24 11 20
710 1230 311 1204 1114 871 971 784 707 706 1038 308 556 176 705 635 74 1135 125 11 1297 143 663 310 769 1211 1279 686 805 789 922 994 42 312 1278 24 36 1322 545 1062 1167
714 703
715 614 312 28 266 412 636 8 643 46 432 399 663 720 649 29 719 306 717 716 718 9 11 10 305
717 1380 11 371 871 1352 1319 1279 1235 1278
719 615 86 8 27 280 312 251 255 643 178 339 103 723 310 138 432 151 649 715 10 639 29 11 663 306 722 36 80 24 72
722 1210 432 1098 2328 311 2255 1808 742 24 1062 457 1811 635 1549 1111 1037 956 2133 407 988 1267 766 993 2407 946 813 2371 1547 1717 1496 110 312 769 11 2274 1135 113 29 789 1202 996 600 306 1023 1542 20 2072 556 1756 1766 36 2062 1395 1151 1836 986
723 138 6 25 306 795 80 28 21 600 182 178 20 704 8 255 719 649 151 432 722 310 312 11 59 794
725 11 339 312 604 8 319 12 724 255 21 10 80 310 663 643 28 23 236
730 556 311 697 55 870 6 308 564 310 269 11 178 860 749 28 789 883 306 111 663 125 255 339 110 635 600 759 844 838 319 315 138 865 312 80 132 695 371 317 36 873 128
733 36 126 813 329 79 339 439 11 166 29 55 556 763 371 263 792 695 154 110 600 626 310 151 722 306 72 130 586 643 907 86 187 312 730 59 6 870 530 319 650 193 308 788 351 173 9 674 90 80
737 2594 4967 4712 3027 5531 4077 4665 5606 90 232 2504 2323 4189 3447 5119 4310 3452 5233 825 5176 2612 1701 3601 4818 4796 4212 4964 3813 4943 5179 1470 4124 4795 3854 988 5002 3634 5382 4550 3028 2988 5462 4846 3345 3375 3956 2118 727 3743 5482 3641 3786 5008 5285 2237 4974 879 4824 3728 2369 5521 2485 2688 634 2972 3645 3469 3092 3394 5069 3877 4297 2565 4353 4781 583 2981 3290 4152 1537 1623 5534 2660 1644 3749 663 15 5584 5171 3227 4828 5190 4938 1608 5184 5099 4813 4292 3794 2144 3902 3026 947 4191 1151 1667 2297 3519 1055 3454 3032 2564 4792 27 2693 3614 457 4714 4040 1500 1823 2613 3787 2623 722 1286 3404 1125 3796 4001 1722 2410 2257 87 2440 4534 3350 5079 147 7524 1374 3631 2651 1097 4564 2696 3982 4063 2135 6710 127 5620 7523 2387 3378 4099 4717 5250 3976 3458 1166 3969 1549 5526 2120 7525 2851 3088 2689 2909 3965 5102 4041 122 2667 695 5188 5203 3109 4298 36 371 4948 4138 5612 3643 4988 4276 1133 5543 3456 4488 265 5532 2822 3666 3191 2889 2727 5352 3568 766 5484 1210 2240 3830 1814 5515 335 4829 3449 2871 4319 5478 7522 2653 4335 3658 3388 5312 5029 5189 5175 3498 1542
