7961 7047 4532 1151 5472 7063 5341 3965 7682 6218 1982 1966 6359 6618 896 6993 7959 5524 5166 5802 6502 457 3458 7057 4310 7818 3447 7759 7390 993 5982 4709 7691 4981 6596 2658 6770 4666 6907 3586 7113 7132 2381 5543 5612 432 6241 109 6900 4353 7052 2565 2226 7012 4483 5796 5857 7280 7092 2689 1734 4717 737 4347 2485 4632 5188 6657 66 3916 766 7744 6043 580 7960 7865 339 5998 3498 166 4943 7726 3297 5814
7965 766 5166 4948 7964 457 7775 7057 7026 7727 2560 3634 7086 6907 2658 2765 737 7055 2346 6918 5802 5553 7774 7280 6596 6333 2565 7080 7649 7391 6875 6305 7471 2485 7047
7973 7972
7979 950 2565 5775 1374 7810 2093 5543 4347 7449 6006 7907 5553 7744 7055 6494 5188 7675 6692 5051 5802 6072 2658 7047 4948 5999 7873 5800 3057 2506 6347 6320 3586 7978 7421 4709 7901 4828 7086 6596 7056 6866 766 6918 7301 457 7691 5524
7982 7981
7992 7047 6938 5775 7391 4347 6946 6907 2565 447 7677 7086 1374 7774 4795 7055 5103 2010 7743 6524 5800 6274 6784 7233 7490 2240 580 6072 749 1385 4666 5524
7994 6460
7996 6460
8002 7999 8000 5806 6951 5079 7907 4666 7047 7280 1385 5815 2365 5103 7998 8001 6314 1133 1374 2369
8019 6460
8025 7818 7490
8028 8027
