1888 2289 2159 2255 1521 1031 813 2293 2241 1772 2062 1977 1608 1621 128 275 2298 11 1756 1931 1919 996 1221 1166 1281 766 946 432 937 1820 1585 1986 691 1922 2169 1492 1151 2296 2072 1098 2295 1985 1549 708 1980 1701 1664 1705 1594 2297 1319 1808 1143 1167 993 2145 2156 1124 2061 1374 310 457 2118 2240 1062 2254 2133 2116 2274 1707 311 1729 789 315
1893 1622 556 1202 826 128 1822 1319 1847 1522 432 1075 24 1496 1483 766 1729 1352 1167 1505 1489 1887 255 1805 1823 1230 1281 290 1495 686 1734 1732 1891 1278 1608 136 813 1151 1889 1855 59 1772 1552 1062 1009 317 178 1482 1838 1623 1326 1594 1210 1473 1886 941 970 425 922 1098 311 1615 1564 1492 1555 11 1885 457 1470 1538 870 1700 1614 312 1892 407 143 1521 1463 1542 1006 1236 546 1549 1428 1487 1696 1888 1480 1386 1754 1746
1901 173 1899 1428 1615 1063 1395 1487 11 1742 1492 1062 310 1166 836 1350 1594 1621 546 993 1286 1386 1608 1555 1900 24 695 896 1756 1480
1903 1132 1847 1613 1772 1428 1555 1350 1783 215 1614 1386 1210 1102 1662 1902 935 1374 407 24 704 1395 1492 1615 1487 310 42 1610 1082 1608 1522 11 686 1594 993 1585 1286 1482 173 1756 1137 304 1822 1566 1496 1549
1908 173 1492 1267 1210 1352 546 11 1792 457 1480 319 1315 1800 407 1911 1316 1566 826 1555 1549 1230 1756 1912 1137 1885 556 1615 1496 1906 1732 1350 1691 1487 1913 1905 1847 813 290 1552 1909 1822 1381 993 1907 822 1608
1915 3258 2974 3633 3032 3678 3615 3731 2565 2872 3010 3527
1918 1278 1717 2617 2904 1972 1319 2342 1151 1055 1820 1492 1749 1783 2565 2072 2541 2517 59 2727 1754 2651 1470 136 2549 784 1734 2411 826 2473 2925 1549 2774 2958 2900 1374 2957 1135 2932 2133 1756 1820 1236 2256 1538 766 1305 2557 2472 784 2791 2133 1700 457 2186 1835
1919 871 182 172 1496 937 1537 2237 1215 2246 2233 996 1549 1202 1985 7218 988 311 1803 2255 1473 769 1200 1305 1428 769 1594 996 2114 1691 3056 1097 2623 2904 3242 1521 1922 2274 600 2912 2118 2507 645 2159 2474 1614 1202 1549 1795 643 1542 1767 3366 813 3388 3077 319 11 1922 1794 3026 1098 1424 1319 1820 1137 3081 2964 1814 2411 993 3025 1995 3148 1749 1621 44 1608 2065 2186 1210 1374 1985 2257 3101 766 7219 3059 3062 1705 2565 706 2549 2576 68 556 412 645 871 1997 2940 3260 3047 1608 3060 1166 311 2371 2085 2688 1098 2236 2488 7 395 3018 2842 1749 1614 993 1151 2707 2871 2860 1492 2062 2473 1837 3072 1808 1701 2704 1583 2476 1151 826
1920 1352 44 1006 1789 1462 1918 347 244 1757 971 11 1919 1050
1927 304 922 1931 763 1908 1424 1009 1962 918 1386 1428 1772 712 1608 1615 831 1808 1492 1549 11 1395 556 1075 1202 1221 1050 1606 1928 24 74 1352 546 14 1855 407 600 432 813 1368 290 667 1319 1111
1935 3821 3084 2565 3830 724 2572 2326 3541 3829 1305
1950 347
1953 347 1006 1549 24 826 1386 1215 556 1538 1847 1496 1823 44 1230 407 1622 312 870 1661 457 1700 1075 1892 1319 871 11 1489 1838 1564 827 546 304 1482 691 1350 1951 1615 1473 1487
1956 275 1500 1571 1855 600 2561 2558 1319 2559 961 556 978 1888 2414 1151 2564 2133 1608 1711 1305 2328 173 2556 1184 1500 546 1499 469 2555 255 2172 423 1352 789 311 2072 2562 2565 1164 1991 1820 1836 90 766 1471 759 1357 2473 180 899 2233 2381 2557 166 1896 44 60 2065 960 1470 1166 1717 2542 1547 1228 1137 2469 1948 1211 1675 71 764 347 1003 2563 1374 308 2297 36 1200 2550 259 1980 1241 2232 722 805 2546 1055 1098 1497 1380 280 663 1549 24 1644 996 1522 2560 395 1167 2549 1583 1496 290 203
1961 3593
1963 1352 1908 312 600 993 546 1608 1823 1961 1166 1958 922 304 1960 1855 1135 1221 1167 1473 432 826 1615 904 24 1098 1428 1962 1050 1357 1892 11 1549 407 1594 1350 1009 556 1959
1964 2298 813 2072 2372 2370 2172 1395 2328 766 2371 2274 2376 2231 988 2357 1772 588 215 784 1549 2133 1210 2338 11 1756 1608 2369 2375 1098 2255 1151 2230 1521 1931 961 306 2374 643 2093 110 311 1267 1919 36 28 996 2009 1980 1766 1166 432 2069 1062
1965 1151 1608 1719 1997 306 1395 1615 1267 1135 935 163 1284 2062 122 1285 993 1688 270 2063 1966 1286 1720 87 1236 2115 311 2114 634 922 1378 1428 1769 1549 1210 11 1583 47 20
1966 1377 1357 993 1135 47 870 1009 1037 1964 697 1428 457 1378 1496 1772 215 1555 1623 1221 1236 1778 1688 1319 1386 933 546 255 1733 699 986 20 1822 11 1962 1211 71 1395 915 1622 310 1166 663 312 633 1470 826 311 1697 1549 1547 556 1003 1661 1284 178 842 1424 24 1164 1759 58 1537 304 956 1965 1352 789 371 1615 407 308 1492 1482 686 634 766 290 1210 125 9 1594 1585 704 1050 871 1769 971 1799 1350 784 14
