2707 1395 1922 869 3018 2510 2768 813 1549 1306 1749 1705 3010 3015 2939 1062 3020 928 317 2072 2472 2102 3006 1608 2328 996 1537 2994 3021 1098 2967 1151 2135 2822 1814 1221 1165 1127 1835 2651 2093 2476 2371 2542 722 2557 3016 3017 2118 2950 2256 3019 1583 2605 1991 2565 2251 1390 2133 1305 1267 1972 2871 2473 2237 2474 2255 24 766 3022
2708 2236 2698 2696 12 457 996 2660 2697 1103 425 290 172 68 2688 704 2689 1050 2694 1967 975 2667 2687 2692 2691 993 2693 1496 2690 2695 311 545 2686 1305 2257 982 2565 1082
2713 2565 3020 2692 1151 2651 1374 2473 1749 2690 2654 2285 188 2236 1922 1496 1783 2411 2699 1549 3095 2618 2871 2472 2576 2686 2688 1204 1210 2674 3062 1537 1492 2696 2660 988 947 856 826 1564 1200 3032 3092 2703 2507 766 996 1305 3144 2700 2485 1885 3098 2790
2720 180 2719 2672
2721 3006 1549 2473 2072 2133 2646 2251 1922 1608 3010 1305 2236 3025 346 2474 1705 2565 742 1098 2768 1814 766
2724 3151 2576 2541 3032 2476 172 3046 59 2565 3152 2236 2686 1200
2727 180 2114 1319 3541 11 1305 2326 1734 2838 988 3556 3084 3276 306 2651 3291 2940 2485 2328 2365 2657 1767 3090 3792 3532 3252 3375 1549 1972 813 3622 2297 1496 2613 2593 1947 3562 3394 3477 2549 3380 1062 3480 2958 3659 3352 3678 2510 336 2186 2700 2411 722 1357 1820 3614 3175 3458 3523 2658 2688 2506 1622 2565 2653 2699 1297 2290 3527 1521 59 1259 2003 2258 784 3010 3787 2118 2691 2356 21 1384 3629 3196 3731 1236 3072 3258 457 3404 1382
2736 2741 1717
2746 2747 3947 1813 3562 3998 24 1319 1622 2585 1492 3615 2651 2842 2240 2700 3641 1832 2297 3352 3949 2972 2923 1537 1305 2356 2411 3373 3912 1783 2290 3084 11 3276 2565 3812 3814 3180 3999 2872 3394 2542 3555 2713 3770 2964 1496 3630 3624 988 3317 2323 3661 3519 1972 2307 2618 879 2859 2958 1549 3898 2838 2623 3256 4001 1521 2237 2654 2871 2326 2485 1967 2328 3724 2365 3997 457 2398 1062 1267 4000 2240 2594 3055 2549 3633 2595 3024 3290 784 1522 3961 3645 2688 3375 3477 3786 1236 2923 3635 3541 2299 1542
2747 1608 856 1972 2290 784 3290 3675 2565 2237 2941 3477 2186 2700 1749 813 3583 2485 988 982 306 2413 1847 2328 2653 2145 3622 1549 2790 1795 2688 3026 2842 1496 2135 2713 1151 3677 3010 3597 1041 766 3610 1305 2326 3282 2651 2618 3032 2660 3394 122 3352 3439 3674 3676 3024 695 2693 3532 2657 3125 2252 3404
2754 2072 784 2174 899 2133 1151 996 1820 1922 1169 2365 215 904 310 86 2687 2565 2299 1848 2328 2249 1608 2472 1549 310 1305 1820 2236 988 1717 2299 2435 113 1374 11 2473 1319 1922 1137 2256 2510 2688 127 2332 2435 784 2565 2740
2760 3453 3635 1813 90 3449 988 1133 2688 4065 3402 3796 2237 582 2967 3639 2951 3026 3615 3454 766 4600 11 2576 3456 1614 68 1549 4219 4072 3461 3352 3902 2658 2368 2651 4547 4601 24 1395 4151 2972 3568 3168 3452 3450 2258 3462 879 3956 2384 4074
2763 1848 1137 1374 1282 457 311 2759 836 2760 1042 996 766 813 2135 1919 2328 2472 1667 2557 1549 2761 2626 1608 2416 1395 784 2474 1473 2473 1625 993 1211 1670 667 1621 1305 2256 1151 2565 11 237
2764 5171 3854 4948 5583 4894 3614 766 5184 5487 5188 4966 5181 5579 5179 5382 5189 1374 3634 87 5578 2855 5176 2667 2346 5582 2565 3449 5012 68 5175 5191 5584 996 4550 1466 4813 457 4967 2688 2765 2257 5581 5190 4138 5580 1964 5119 898
2765 4073 5263 1133 4045 68 5581 3452 5583 4483 6026 2576 3614 3642 2667 5437 5739 5179 3459 5176 2688 898 3449 3092 5945 1549 766 457 5139 5857 1964 5102 4967 4040 5543 5180 3453 3009
2768 2740 1991 237 1137 2576 128 996 899 2547 2557 708 1646 2542 1374 122 1919 2133 1097 2472 1200 2328 1151 1547 2473 457 2565 1305
2770 1154 2509 769 2565 2435 259 2557 2502 1354 356 1835 2769 749 2472
2774 457 3586 308 2258 20 6156 4099 5079 2264 1166 2328 4899 3965 53 68 2506 6348 263 1055 5940 1769 5816 542 6017 5179 1748 3728 6347 6346 2667 1247 2135 805 407 5524 1644 4967 5591 3027 3601 5697 4144 319 634 5543 5531 2851 3150 5696 5196 6324 5189 1365 5582 6350 5123 173 4828 1697 5103 87 3381 3238 4673 2688 625 6317 5796 2145 3009 182 3658 4310 766 5823 3447 3449 2855 3636 3969 2474 5022 1800 1549 996 1538 4980 3642 2297 4632 2118 6349 5714 5053 3787
2775 3666 407 2697 2297 2258 3456 1374 2535 319 4967 1966 2504 5616 3478 3086 795 600 4686 2967 4489 4982 5123 2297 5612 1034 2225 766 3453 3449 3455 996 2186 5263 5173 4036 3172 3456 4144 4531 994 37 816 3366 766 4626 2871 5006 4059 226 2617 3813 3642 4073 5785 2774 4099 4496 3985 2565 103 2974 2174 311 4688 5691 2688 816 4547 3729 226 5188 3976 1151 4832 2587 3614 1166 3402 2264 4036 5003 86 5180 5017 72 1639 4859 4751 2674 1552 3498 2655 4441 2118 1133 2387 4824 3480 3806 5783 769 3454 3449 2697 600 3032 2688 4592 1247 1034 3976 4151 37 3447 68 3614 4212 68 5016 3982 1814 2135 2871 2118 5786 727 2852 11 280 4045 72 5018 2145 5787 3394 36 20 5008 5317 3032 4150 2135 3433
2777 2133 1305 2565 2775 2174 2118 2557 1991 2776 899 2072 180 138 1772 1614 11
2781 2780 2778 1154 2557 1888 2779 2744
2785 5800 6611 5775 7198 7104 280 6327 5376 3920 7092 650 6913 7197 1024 826 2559 2783 6620 6555 5102 2688 996 5263 2783 4045 3787 5103 5802 2740 1769 2744 1583 2565 5188 7099 2782 6615 6618 6934 5697 2115 5377 3381 2784 4967 6305 5582 1374 6093 6665 6714 5378 7106 697 5110 3527 5524 2565 766 4046 1200 1322 6443 6907 2557 5811 1857 1210 5295 2072 457 722
2787 4046 1374 3352 1043 11 5037 3456 4056 3796 173 2565 1127 5035 826 2972 1922 3449 5036 1658 4065 2369 1132 1200 2744 4688 1670 1789 3461 4937 2688 2778 2693 4725 1133 2967 3457 2707 2542 766 996 2786 3591 1857 4981 3455 3614 4045 4948 3452 4036 2072 2565 2787 4441 2660
