6235 2790
6241 7045 4046 7598 2511 6907 6624 6596 6072 7055 5820 3447 1374 7057 7120 6902 5524 1542 7231 7280 7052 7614 7402 7679 766 3752 6941 1098 2565
6243 6758 4764 7237 6959 457 5531 5524 7239 6032 4483 4879 6714 7055 3635 7057 6774 7086 3381 5806 7231 766 2658 5802 6914 2412 6552 7483 4310 7350 7092 6907 7482 2565 6993 6619 5800 7080 6624 1064 7052 1542 7294
6246 3642 5829 2688 4144 5824 5999 27 5487 5262 4967 5110 2744 5531 6110 5697 1470 5589 1608 3522 5812 5189 3787 5022 996 4899 4988 6200 5179 5543 5630 4364 4781 5617 3449 6243 1542 825 2790 2972 5591
6251 5020 3601 4899 5179 854 5822 5543 5524 5196 3032 3787 5457 5110 3483 2744 5531 2599 766 3642 5189 6170 2908 3634 4967 695 2688 6024 5185 28 1009 6242 5360 825 4632 2231 5022 4550 3586 5644 5805 5768 3449 5812 2972 5697 4924 5177 1470 2258
6255 5697 5691 5179 425 5110 5817 5696 6020 5630 3787 5531 6252 2790 6254 6253 5022
6261 1542
6262 2135 695 136 1244 68 1041 5591 1470 2688 1360 5776 2660 1133 6264 5189 258 3786 5179 5644 44 5022 4353 6220 6263 3381 3469 3642 5697 4574 766 6192 5194 5262 3787 260 5531 763 5812 20 4989 3449 6265 996 5177 5188
6267 6266
6269 173
6270 1982 5524 1796 5173 7080 3447 6398 6327 6620 457 6299 6618 4795 1098 4455 3586 6913 1041 5697 6615 7203 5179 2565 6611 5800
6272 5185 3447 2677 2688 5543 4967 3459 3032 5773 2972 6859 6618 109 5079 2565 6774 3381 5179 4717 3586 6619 5871 766 5531 5862 4828 1823 3453 6615 6006 457 24 6359 5524 6935 5796 5802 5188 5800 6270 5857 5697 6620 3641 6649
6296 766 3453 2504 1661 3449 4071 6295 5818 2215 109 5125 5002 2688 3586 5809 5524 5121 5799 5179 5589 2328 5806 4310 3985 6294 5531 6134 3642 3792 5177 5543 4746 6291 457 1098 5812 5697 1506 4967 4353 2256 5189 6293 6221 87 6292
6299 3447 5806 6443 6907 4310 5254 5123 7188 6596 5822 1074 311 4899 4994 7293 5814 6714 4437 5796 7332 2565 5824 1385 136 5173 737 5760 5524 5806 5179 5543 5692 5811 6305 4632 766 5185 6218 7129 6270 2249 5188 3498 6327 7280 7335 1166 6241 5772 5524 4310 2145 457 6220 1098 6619 6305 6097 3922 6563 2226 6359 5404 1471 7295 7336 6615 3348 4099 5769 6359 457 6711 5811 3348 6483 7337 6789 7327 5217 3920 1204 722 5696 3459 2186 5053 6906 7281 3642 5123 1549 6280 1374 5188 6555 6624 5531 5531 896 5800 5185 5582 6218
6302 5532
6305 1210 6617 5811 3642 1879 4550 6615 6613 5543 166 6523 1098 6612 6270 5697 6299 6272 3792 1982 3274 3381 5189 5524 1796 5857 3787 3447 6616 643 4828 2565 3691 4574 5800 6494 6614 5185 5022 457 4063 5179 5188 4632 2620
6306 5806 6304 3366 5177 3381 5644 5553 5188 4409 44 6134 6305 816 5179 5262 2940 3965 1166 4151 5185 6223 5684 4632 4712 5125 5630 109 3787 5776 2688 4099 1004 3447 2369 5809 2967 3449 1055 695 2623 1098 1667 5818 5103 5543 5524 5423 4291 4041 5079 3028 5531 311 6299 5697 5123 68 996 1132 5696 1717 3642 5816 5591 6239 645 6221
6311 3586
