2625 986 704 1215 255 2940 2357 978 1885 975 2367 1623 3168 2611 1592 2693 185 1487 2153 2614 1684 3024 1885 2653 1783 1319 1701 11 3260 2615 2815 1549 1169 3275 1552 1781 2366 2129 311 3255 825 3073 2618 1751 3276 1470 311 3271 2510 3028 3124 3268 66 2900 1500 3081 2230 2507 2615 3159 36 2119 2610 66 2909 2322 2120 2999 1555 2510 769 1794 1749 412 3252 2398 3092 1608 1769 2547 2297 766 3020 1734 2713 2595 3127 1769 2473 1820 1537 3278 1335 982 993 1228 826 2792 2875 2872 1097 3039 2609 457 182 1717 2612 2108 1522 2607 2704 2903 2133 996 1135 3209 2606 2285 1783 1891 1395 1470 2585 2001 2062 2294 1305 2951 2611 2272 2925 2230 3119 1816 2509 2958 2617 1055 2332 1496 371 2114 1547 947 2093 2646 275 2620 467 2127 2547 2583 650 1552 2274 1286 2435 2249 172 3095 994 1296 3031 2696 127 1951 1943 1428 1380 3005 407 2585 763 60 2508 1772 315 2258 2612 2660 2688 1424 3272 42 3144 2605 1943 2225 1767 2831 1124 2596 3279 1098 1992 2790 215 1596 1200 784 2624 1794 710 2251 161 180 2912 1980 1167 1608 1549 3225 2691 3059 122 1037 2574 1521 2703 1991 1875 2654 1814 2616 275 2541 861 2435 1835 1835 2256 2497 2747 1151 2381 2593 2692 2617 988 600 2657 2822 3258 143 1596 650 2488 2587 2497 2384 2281 1948 2474 3125 1919 2594 1024 2224 1462 2349 2697 2576 2594 2072 2595 1055 457 2807 2527 2071 407 161 836 937 3098 2618 2233 3026 2674 1811 1487 1583 2236 3277 1972 3274 3034 1875 24 2240 1360 3129 2178 2686 1236 2578 1395 1847 3269 826 1215 865 2613 236 2135 3089 2062 764 3072 2071 1985 2842 2565 2608 2414 2619 2297 1125 2174 1102 1614 1247 1730 2651 3250 2707 1777 1210 1985 2003 2605 2620 1749 722 2578 3270 704 1820 1922 2559 2323 212 2299 1319 3273 1151 2541 2700 587 1097 310 2299 2690 1202 2272
2629 2572
2643 1730 704 49 311 113 2596 813 2091 2306 1362 1985 1700 1749 310 425 689 1701 86 1487 1811 1211 789 1820 1608 132 1184 1769 2636 2272 371 2633 2366 2586 14 826 367 1538 771 1522 727 1042 2072 285 1462 2638 802 1151 44 2328 15 2367 1169 649 1697 2016 1748 2414 2637 11 2635 2093 1583 180 1166 1549 2417 546 2133 600
2645 2644
2646 2713 11 2009 4070 1166 2565 3948 2576 1985 2967 2842 2707 3449 3479 1468 3645 1621 4065 2958 3965 3334 1305 4138 2618 2365 844 3541 2925 4152 2935 3615 4422 306 766 1542 2298 988 2326 1496 3724 1133 3917 2237 2548 122 3813 4142 2485 3352 3388 3394 1808 3453 2565 3168 2688 879 4211 2972 2790
2647 2565
2650 1896 2649 2343
2651 3073 2003 2118 36 2713 1006 3227 2683 2686 2342 3313 66 3150 637 3028 2474 1495 2925 3314 710 1749 2565 769 2660 2541 3026 856 762 122 2900 3032 2576 3196 2618 2272 2687 2746 1097 2792 2365 2297 664 2256 2251 3037 2236 2237 2693 2108 3290 2230 1733 2323 3053 3315 2692 1925 2240 1204 988 2737 3055 2708 2696 3202 2674 3317 3024 2964 1098 1972 339 1811 1639 2062 2842 1808 1644 1504 2932 3020 3183 2690 2332 947 1549 15 2145 1133 3316 3260 3262 6 2009 2695 1684 2747 2290 1228 3282 3312 982 2790 3059 2174 2398 172 457 56 2171 1487 2510 2299 2225 2135 1732 1814 996 3031 2688 1286 1132 3125 2694 2237 2909 2507 1552 1972 3039
2653 3748 4073 2693 2371 3417 2144 3394 3326 3965 3641 1097 2585 946 4159 2326 2988 1783 1137 3615 2016 1549 3031 1566 1566 3276 1319 2547 2688 3383 2872 3454 3814 3560 988 3645 1062 3714 3375 2842 3175 2118 1381 3813 2940 825 3481 122 2686 3325 3553 2651 3724 3053 3028 3512 3107 1972 2565 4077 2328 3059 879 1814 122 3571 1075 3010 2695 4036 996 2727 3026 2923 2968 1381 2485 813 3009 3059 2871 2688 1492 784 3787 182 3535 3451 3192 698 1133 1749 3682 2696 3660 3925 2547 3949 988 784 2967 2326 14 1549 3477 3175 2654 3028 3026 2713 2972 2719 2967 4074 3439 2411 4039 3624 306 457 2623 3024 1211 766 3479 2686 3417 2485 3010 2707 1688 1521 4065 1522 306 2651 2699 3352 2964 3007 2565 11 2618 1951 3056 2290 3168 813 3055 3631 2660 2700 3033 3568 172 3568 3854 766 3379 2696 4042 2981 4070
2654 1614 3159 1592 2264 2693 3184 1749 2747 1931 1166 2274 2790 3477 3689 556 3258 1098 2326 3187 1972 3470 1098 2653 2690 3182 2135 988 2593 1102 3688 993 3183 3185 3098 1972 2435 2411 3526 1961 766 2328 1814 3055 127 3108 1549 1390 3482 1769 1166 3480 643 3686 3687 1837 3031 2674 2688 749 2713 3180 3188 1820 2062 2041 2909 1608 3404 994 1820 826 3690 1749 2252 2230 2660 3685 2688 1608 2686 3148 2371 3026 2176 3150 3483 1200 3162 2290 3010 2237 2485 2251 3185 2953 68 3142 2658 2660 3377 3189 1374 2988 3684 275 722 2559 2565 1374 1925 2560 306 3072 1769 865 2657 122 2474 2298 1305 988 1506 553 311 3188 2697 2356 1767 2697 2565 1811 1925 172 1833 3144 2900 3028 3567 2842 3187 2547 2909 1767 2842 3611 3598 813 2822 1037 3026 1305 2967 2546 1210 3168 943 2510 3683 3005 3055 2236 1542 1583 3691 3006 974 2234 2700 3186 2033 2559 946 1279 1210 172 2686 3593 2948 3181 3380
2655 2967 3439 2398 2565 2485 4008 1972 3850 3682 2502 1885 879 2699 3624 2964 2504 1769 1549 3985 3488 3192 2659 2118 3615 2688 993 11 3276 2356 3168 813 1813 704 3815 2700 3961 2713 650 4007 3635 1985 3297 988 4006 3726 3949 3541 3352 3812 662 1799 2560 1537 1384 3666 2326 3252 1279 2290 36 2969 2871 311
2657 2485 3483 2237 3333 3624 3028 2967 3375 1259 2356 3762 2697 1419 996 2332 1733 2231 2326 1286 2699 1744 3417 1781 3567 3275 2687 2686 3056 2790 3439 3725 2003 1210 3611 2240 2435 3258 3084 3601 1382 3541 2653 2290 406 3568 1885 3171 3144 3175 2651 3404 2497 306 3525 3764 2129 3378 2660 3209 879 2118 2988 3562 3527 3454 2411 3761 2565 3394 3720 3127 3196 3518 2700 122 3633 1062 1814 3392 3125 1100 1305 2688 89 3622 3352 3346 3754 2371 3757 2747 3458 3457 2135 3519 2939 3016 2323 2838 2365 3010 2940 2120 2909 2693 2256 3679 988 2506 1549 1691 3763 3479 2900 2923 2516 1972 2713 3759 3480 3301 556 3544 2595 2564 2328 3304 1247 2871 3760 3758 2658 3682 2209 157 2654 2548 3583 3543 3523 2619 3630 710 1951 1496 1024 3073 3589 3388 3646 1474 53 180 2297 3031 2049 11 3380 2618 3032 3366 3033 3615 2689
2658 7985 7080 6596 2981 7301 5796 7865 5524 3142 5802 6174 3642 3787 4948 2135 2968 1166 6914 7021 7280 7904 5800 6665 4717 7443 7391 6043 2565 7012 4981 4483 7675 5199 7882 2010 7390 5342 6916 4488 6624 6676 6784 6072 3691 7086 3586 7775 1063 7471 1542 7902 7131 7279 4795 1098 1374 766 4632 2691 7564 6032 3310 6900 3665 1661 5543 6907 7047 6951 7733 3456 3447
2660 3391 3026 2171 2838 1210 3039 2065 3540 3508 3073 1166 704 3209 3394 2546 2510 3543 2967 356 3380 2504 3539 2364 3544 2700 3545 1051 2819 3010 2290 1384 2411 319 766 2326 1814 3345 1583 3513 2947 1835 2651 2564 1972 3000 2653 1259 259 1549 2237 2790 825 2009 122 2703 3144 2502 2775 813 2398 856 2542 2940 3530 3009 306 2328 203 3031 3262 311 854 3036 3028 1496 3542 1500 2713 3379 546 1200 769 2688 3258 24 2686 3422 600 3480 2547 2485 3352 3192 2711 2576 172 3481 3333 784 3541 2655 3024 2674 2774 1151 3180 2842 2618 3496 635 1820 2951 2565 3291 2699 1043 961 2365 2297 1267 2691 2323 988
2662 704 2688 2871 2687 2699 826 1319 3202 3203 3204 1608 3006 2565 856 3162 2474 2497 172 3098 2576 2654 2790 2356 2651 2686 3032 2472 2547 2883 2964 1305 2690 3000 766 988 3072 1749 2236 1204 2707
2665 2240 2599 2594 1549 2620 2186 1522 11 2546 1419 306 2661 1820 2664 2663 2328 1538 1748 2072 2662 1991 1390 2365 813 1293 1583 2619 784 2133 122 2241 1151 1992 1037 2651 2299 1566 2618 2595 996 1487 1042 2294 1166 2366
2667 3536 3561 2623 1395 1522 3009 2695 1367 3276 1305 122 2713 988 3562 2364 1549 3148 3325 3567 3541 2237 2565 2699 825 974 1151 3560 766 3055 3555 2485 3379 2118 2688 2940 2297 2693 3056 2411 2932 2120 3479 103 3470 3563 2547 2654 2290 3010 2328 2842 2686 2326 1972 3026 3404 2700 2257 1496 2617 1221 3352 2256 2651 3564 3024 3566 3439 24 3349 3565
2669 2618 1151 956 996 1487 1466 2508 813 1608 310 1717 275 2328 742 2256 11 1808 2668 1549 1419 1922 2072 432 1042 2133 2473 1547 1748 1210 2169 650 2289 1098 1166
2670 341 1583 826
2674 2658 1279 3127 3483 1972 2565 2653 2576 2237 2713 1717 3252 3010 3148 3610 3611 1166 856 2654 2290 1749 3600 1357 1305 3470 3033 1367 2547 3055 383 2411 3258 825 3301 3562 879 2842 2252 2546 1009 2485 2967 813 3477 3439 1985 2510 3032 2700 988 2326 2688 2831 3333 1506 3028 3026 766
2685 1623 2474 447 1820 1428 1991 1151 2169 2672 1977 2682 1135 2375 1098 2472 2069 2085 861 1395 275 1608 2365 1210 36 2328 1496 1124 2063 1062 1521 1566 215 1374 1167 1980 1236 2473 2133 1549 1039 2230 946 2256 2509 2118 2093 310 346 1242 1166 1668 1221 2683 1228 784 1772 11 2297 865 766 1097 993 127 1419 996 122 2497 2172 2684 21
2686 2290 2674 2880 3458 842 172 1395 3457 1166 2613 1384 3527 3258 695 3028 1972 2411 3682 3519 2398 2688 2799 2326 3481 2257 2658 1966 1286 988 1767 306 3144 3678 2651 856 2565 1639 1875 2654 2560 1549 3615 103 11 1167 1305 3556 825 1951 2660 3541 1151 1701 993 53 2237 3026 2653 3469 1044 1820 2700 2485
2687 3291 2299 3478 457 3120 2747 2565 3477 2326 2576 3125 1549 3394
2689 5254 4966 4632 3969 2658 4894 1542 5198 3614 4441 4653 3209 5255 4967 3402 789 2972 805 3092 3691 457 3352 4899 4948 948 946 3453 4829 5155 4974 2871 4859 2565 947 2576 3456 766 4686 36 4981 5140 4045 4718 4483 4488 319 3449
2693 2842 2688 3653 2290 813 2062 2747 2657 3144 3252 2297 2326 1549 3031 2564 2510 1972 3443 982 1967 3010 3655 3470 2576 2653 122 1305 2941 3192 371 306 3033 2790 1820 2497 3404 1166 3611 407 3055 988 3519 3523 3304 3555 2704 2524 784 3478 2815 2356 1623 2713 2660 2967 2546 2593 3454 1428 2507 1537 2651 3127 2328 2118 2135 3352 2940 1811 1990 2565 3028 172 3657 2740 457 3394 3656 1847 993 1259 766 1596 3658 3009 2658 2252 1875 3439 2542 310 2654 2237 20 2700 2674 3026 856 996 1319
2696 3453 1204 2653 2485 766 4688 2237 3601 2118 4076 2988 3449 3059 2371 4275 789 1305 3748 4036 1024 3794 457 2871 3787 1457 3390 1566 4219 4893 4074 1133 3462 3452 813 3854 4750 4045 1137 4415 3352 4894 4891 3455 4151 4072 4647 1734 319 3456 4077 4426 2565 3026 3597 4211 3087 3175 182 3192 2658 432 2688 2972 11 24 1381 4681 3660 27 2967 3641
2697 3146 2371 1769 2576 2229 554 1098 1837 1814 3092 2660 2948 1803 3062 826 1210 2674 24 2688 1133 2237 1381 1305 3041 988 1820 2790 3147 1035 2472 2872 946 1549 3010 3096 1885 2236 766 2016 3031 1297 3026 182 1395 2654 2565 3072 1200 1922 2550 2871 3087 68 2619 3059 2474 1095 2704 1608 646 3033 3020 122 3148 2909 1583 2617 3108 2686 1062 2967 3098 2473 2264 1972 290 1137 2968 1799
2700 2686 1305 2688 2689 3202 1583 2237 766 988 1972 3005 2510 3098 3026 2691 1896 2940 3020 2565 2299 2683 1204 172 1487 3092 2576 663 2236 856 2703 122 1549 2674 1492 2692 825 310 1795 3209 1133 2706 2842 3196 2594 2790 2485 3144 3252
