1315 2472 1756 553 2557 2363 2987 1381 2576 1566 1305 1908 2485 2967 1837 2192 2985 2565 2371 2237 2986 2384 147 2016 822 2989 813 59 2988 2186 1896 1296 1972
1319 1395 1542 1352 1487 150 1279 1470 1279 1466 1451 1596 1449 1713 11 1442 11 663 1247 1352 1201 72 1350 813 1236 1003 1714 1357 1293 1521 1267 1549 1451 769 1428 1150 1241 870 1439 1555 1615 312 707 1443 1448 826 1127 1450 1278 1492 1041 1278 1448 1496 634 1210 1380 941 1538 1594 1151 993 854 922 311 173 1712 457 1034 1608 663 311 310 710
1321 11 1279 1305 922 11 715 1233 1114
1322 1525 1350 128 173 1055 1717 1185 1326 998 1538 371 1114 960 1356 1357 1549 706 1614 1420 1496 838 1167 1471 1034 805 1734 810 1201 1735 1497 789 826 1395 1242 311 695 922 11 1501 1151 1166 1428 457 1487 870 1451 1319 1068
1323 2401 2065 2402 1151 1521 900 2069 948
1326 1428 1006 1279 11 1235 1319 311 304 1438 1203 6 1278
1330 339 1111 715 1241 87 171 313 74 1297 600 11 1204 588 922 1006 1305 556 259 1075 941 1291 1210 1235 1114 1293 706 634 1290 707 626 312 993 1062 143 647 1167 24 376 35 311 1160 545 1135 904 415
1352 5862 20 6344 2507 6467 2369 4781 1549 5188 1990 4967 6458 5934 4144 4488 3466 2657 5166 1151 5821 600 1733 4853 2564 3854 5246 3439 1357 1166 4712 5181 4045 457 4813 5714 68 4673 4451 5697 3035 5185 5839 4310 5079 5140 5162 3462 1811 6447 766 6217 2688 87 6359 6605 1074 3456 3642 5531 2940 5802 1210 5998
1353 2241 1564 11 1922 996 1977 1496 1608 1549 457 1151 42 2249 24 1210 311 1997 556 1919 2264 1037 600 2099 1931 2062 1075 2156 2120 1783 1395 1386 1111 1542 197 1202 1729 1808 36 1621 1823 1700 173 1374 2174 1756
1357 1137 2009 2485 457 2683 173 1549 1319 634 1571 2474 1795 1032 3057 1622 1062 2871 1135 3005 1210 395 3018 311 1424 946 2565 2948 1496 1267 1608 1167 1623 2595 1496 1473 182 2690 1098 36 1050 1291 275 172 2688 1127 1717 3108 813 2727 2550 2209 1820 1203 2654 3107 2507 1972 3020 766 1734 147 2476 1247 2707 2686 1395 2968 1571 2842 1922 2264 1279 2546 1465 3072 722 546 71 1428 2912 988 1799 24 2549 2790 1215 1142 3057 1166 2595 826 1814 2297 1151 3033 2547 1614 59 996 1537 635 2691 3106 2987 1985 2904 1236 2236 2619 2674 1885 2371 2365 1305 3095 2576 2237 2472 1184 3026
1360 3350 644 173 2832 2871 766 3787 3390 325 1133 4187 3449 813 2560 2651 4665 3457 4044 2565 1701 763 3034 4814 24 4816 1055 4045 258 4817 4415 260 4442 784 2688 11 4688 1496 2660 789 3463 2485 2972 710 795 3451 946 3456 2964 2855 663 1549 3453 3452
1372 1259 77 1211 686 1075 1204 1311 11 1354 1160 644 259 1137 707 36 173
1374 1428 16 2256 215 68 1384 172 2169 2569 1247 826 2366 457 2593 600 1473 2474 1489 2376 11 1380 813 1319 1772 2509 2072 2740 1470 2508 722 1547 2473 1521 1614 1820 2174 1335 1166 1210 2739 2093 1835 1549 978 904 2672 1608 1896 2626 1991 2133 2736 1137 60 1003 2226 1062 1184 2565 2737 993 2730 2738
1375 759 312 941 1374 1221 311 1373 707 1075 1006 173 356 590 11 138 1291 1055 650 176 1211 310 259 215 1137 686 904 1204 996
1377 826 311 1022 600 922 1279 313 1129 871 1293 1291 1492 993 457 1357 1462 1390 1424 1483 805 317 6 11 1496 36 1466 707 1290 35 710 1210 604 1510 145 981 1380 173
1378 1037 993 1135 47 2072 36 1808 1966 769 1395 1997 1050 1166 2041 11 1549 722 1285 1210 2063 1722 1688 813 432 1639 306 1977 2071 2062 1566 1734 1608 1965 310 1381 1236 996 1772 270 72 1151 290 1098 634 173 1137 457 766 1621 1428 1585 1746 1919 647 147 1720 1868 937 1221
1382 634 315 1055 650 1377 319 1380 964 259 1376 993 879 87 1379 171 1253 1013 1381 1160 11 639 312 1378 1319
1384 1644 1891 2072 2172 2509 1991 1416 11 854 2565 766 2715 1166 2718 395 2133 2473 2717 1374 968 1383 1335 1808 427 1282 2375 2256 2672 1992 83 1388 2716 1585 784 813 1051 1395 1210 2297 1707 1419 423 1042 447 1608 172 1592 996 789 2328 9 2474 1127
1385 457 1549 1247 1506 1470 83 335 5261 3743 2707 813 722 3378 457 3035 3665 3641 150 2384 335 2381 4144 2290 2411 4966 3451 1542 789 2289 11 646 3454 2559 5195 4405 3643 311 3456 2688 14 2326 4082 127 742 3439 646 4828 4324 4407 1051 2760 2713 3498 3659 3026 2951 854 4074 4948 336 3728 1051 1133 974 2384 122 3453 4261 5265 3172 4781 2565 3453 3032 4001 3724
1389 1210 308 395 969 1384 35 20 686 1259 1006 171 1183 6 707 996 1305 634 1350 1386 173 11 1383 854 1235 1387 971 1388 1385
1390 1564 1395 11 1549 805 6 1670 2255 1061 1896 457 1919 2169 2072 1221 2133 1985 2302 2301 1756 1236 634 1394 1608 2300 2299 647 1428
1393 1210 1166 1374 766 1811 2686 1794 2240 2363 2704 2703 1814 993 1151 1608 996 2474 3020 994 2472 2871 1097 2688 3028 1200 2507 2236 2485 2660 2674 1922 3062 2872 3098 3072 2565 2912 3095 988 2696 1305 2692 3033 1496 122 2473 1875 2285 2875
